1 20486 24748 21566 21566 
2 23744 25081 24411 24411 
3 24225 25079 23500 23319 
4 25100 23011 25081 25081 
5 24691 25081 24673 24258 
6 24975 21866 21866 
7 20174 25081 25106 24752 
8 20523 20668 23877 25079 
9 25081 24943 25067 22537 
10 20048 25153 25153 
11 25049 25081 24945 23496 
12 25047 24985 24985 24985 
13 25070 24804 25081 24411 
14 24215 20099 23467 24760 
15 25120 25081 20351 20663 
16 24728 25081 
17 22419 25139 24919 20086 
18 23996 24186 24894 
19 22415 22397 21956 20025 
20 22993 24034 20126 25151 
21 24945 24347 24985 25071 
22 22413 24002 25153 25153 
23 24186 25141 25141 23751 
24 20382 25081 20994 24788 
25 20047 24806 24806 24806 
26 25043 25059 25158 25158 
27 20576 24810 25081 24900 
28 20523 25082 24919 23943 
29 25081 24554 24554 24554 
30 20258 20297 24894 
31 20046 24919 20025 24107 
32 24665 25081 25081 
33 20575 24547 24811 20314 
34 24553 20303 24920 25082 
35 23604 24630 24630 23853 
36 20302 24810 24810 
37 24551 25103 20126 
38 20575 20258 25097 22567 
39 20048 23800 20259 
40 25081 25097 20025 25099 
41 20048 24669 20151 
42 24551 25081 24901 24901 
43 20576 23765 20304 
44 20065 24550 25081 23293 
45 24551 25081 20046 24119 
46 24551 20126 20126 23727 
47 22544 25081 20151 
48 24551 24938 25081 25079 
49 24919 25081 
50 20524 23479 20046 25126 
51 22415 20300 23790 24900 
52 23595 23535 25081 25110 
53 24555 23853 
54 23322 20258 23881 24490 
55 24811 25081 25081 25105 
56 25098 20297 24894 24919 
57 20297 23479 20046 25082 
58 25085 22826 23609 20260 
59 23595 20967 22455 25126 
60 24811 20226 20314 24607 
61 20224 25081 24670 
62 20048 25081 25081 20314 
63 24551 25081 25081 
64 25120 25155 20025 20025 
65 25162 23285 23097 23097 
66 22835 24904 25103 20025 
67 21707 20025 24914 23791 
68 24765 24752 20988 20025 
69 25083 20025 22536 21707 
70 20174 23442 24351 22997 
71 24475 24943 25099 24920 
72 24386 20025 24894 
73 23480 22569 22569 25108 
74 20025 24250 20126 25089 
75 21493 23467 22994 22994 
76 23115 20151 20025 23818 
77 20381 24186 20025 
78 20063 22415 24475 
79 20079 20224 25097 23596 
80 24736 20304 20303 24607 
81 25077 23756 24986 24107 
82 25103 25099 25098 23818 
83 24899 22413 24737 23790 
84 21727 20025 21707 24655 
85 24550 22826 24184 
86 25069 21369 21369 25151 
87 20064 20300 23877 25153 
88 25100 20151 25099 20025 
89 25098 20668 25107 20025 
90 24555 24752 24752 22455 
91 20151 20025 20151 
92 21956 24372 25068 23727 
93 24475 25133 20025 23207 
94 22537 20025 25067 25079 
95 24901 20260 25158 23790 
96 24289 20025 
97 24551 20025 20304 24919 
98 20967 25141 20994 23315 
99 23442 22536 24920 24400 
100 20524 23500 23087 23087 
101 24833 23943 20025 23496 
102 20025 23496 21543 24045 
103 24671 23751 23496 24900 
104 20025 23535 21304 21304 
105 22536 24490 24490 23087 
106 25158 21369 22827 23496 
107 25107 20046 20314 20314 
108 20260 25133 20099 
109 20225 23594 20025 24607 
110 20519 24670 20259 21304 
111 20080 20259 23727 
112 24665 23790 20668 25174 
113 20079 20260 20025 23536 
114 23744 20519 25126 25126 
115 21493 20025 20025 23535 
116 20259 25174 24607 25134 
117 20079 24630 22537 24900 
118 20079 20025 20025 24919 
119 24665 23774 25158 
120 24553 20518 20518 
121 24553 24748 24411 24411 
122 24881 23943 25172 21707 
123 25059 23550 23550 21198 
124 24898 24250 23880 23877 
125 25074 21707 24894 24250 
126 24289 23880 21707 
127 24250 23880 24752 25070 
128 25164 21707 23877 23987 
129 25157 25145 21707 24760 
130 24752 23987 23609 23880 
131 24596 24250 24411 25059 
132 23550 21707 24833 25151 
133 21707 24045 23877 24045 
134 22997 20299 21707 21707 
135 23604 25078 21707 
136 21707 24752 24045 24041 
137 25089 23264 25153 23790 
138 24691 23576 24258 23877 
139 24974 24002 25067 23937 
140 25157 24833 25067 25067 
141 24899 22550 22834 23877 
142 24881 24752 24411 24411 
143 25064 23744 23877 24203 
144 20063 20519 25047 24512 
145 22397 24610 23560 23877 
146 20575 20065 22536 24752 
147 24898 23877 23877 
148 22956 24752 23877 20230 
149 25099 22536 25109 
150 22397 20523 22413 25126 
151 23576 23877 24804 24804 
152 23996 20297 23877 
153 23996 23877 20260 23818 
154 23877 25039 20099 25099 
155 20576 23877 24490 24490 
156 23877 24512 24752 22569 
157 24899 24914 24752 24610 
158 24758 20065 23877 
159 23595 24987 24250 
160 23576 20428 23877 
161 22415 20225 24752 24752 
162 24272 24945 23877 24272 
163 20224 20080 21956 24607 
164 24669 24411 23877 25158 
165 20355 20099 23087 
166 20065 25082 23877 20303 
167 24002 23877 23877 
168 20523 24812 23877 20304 
169 20260 24272 24272 24900 
170 21369 23877 23500 22827 
171 24512 25106 25151 
172 20258 20126 20126 24607 
173 21493 23462 24919 25126 
174 20524 23877 23877 23496 
175 20079 25134 24760 24760 
176 20523 23877 20314 
177 25168 23550 20668 25080 
178 23755 24914 24607 23853 
179 20988 24045 24045 23880 
180 23880 24259 25157 23293 
181 23880 20291 24954 
182 21493 25062 24914 23880 
183 24691 23756 21536 20006 
184 20300 23880 24045 23880 
185 22415 25053 24752 23880 
186 21493 23880 22455 24979 
187 25077 20988 25078 25046 
188 23479 21727 24045 
189 23602 20302 20259 20260 
190 21369 24752 24512 21543 
191 21493 24045 24752 24045 
192 23277 23442 23797 25069 
193 22413 24045 24045 23500 
194 23287 20967 24904 24045 
195 22544 20297 24512 24045 
196 23776 24045 25067 
197 24550 24107 20151 24045 
198 24289 25124 23496 23790 
199 24555 23576 20259 23774 
200 23442 25067 25067 25129 
201 24645 24119 23791 
202 24943 24250 25111 25111 
203 24289 24632 24633 24752 
204 24250 25077 24919 23943 
205 24386 24411 24250 24411 
206 24736 24500 25059 24978 
207 24746 24000 24250 25000 
208 22550 22544 
209 25064 25089 24186 
210 22550 25039 25152 25152 
211 22835 24894 25039 
212 25148 23755 
213 23596 25133 24372 25110 
214 24691 22544 23512 
215 20174 24987 
216 24512 23472 23852 24115 
217 25133 25145 25092 25069 
218 24763 22314 22314 25152 
219 24881 24186 22536 23512 
220 22956 24289 21229 21229 
221 24289 25069 24400 
222 25064 25141 25153 24512 
223 20302 25157 25093 
224 24289 24923 24923 25141 
225 24289 25148 23015 
226 24881 25151 25151 25047 
227 24881 24289 
228 25168 
229 25170 25152 22544 24919 
230 24518 25054 24833 25102 
231 25172 24289 25047 23270 
232 23744 24740 20291 23987 
233 24748 23015 24945 25085 
234 24748 22835 25151 
235 25064 25120 25069 25069 
236 24343 25065 24098 24098 
237 22551 24943 24021 23111 
238 25104 25052 24247 25124 
239 20174 25168 25047 25158 
240 24068 24765 22956 
241 24736 24041 25129 25129 
242 22835 25092 25092 25092 
243 22397 24943 24945 20291 
244 25157 25119 23319 24411 
245 24289 24943 24351 24655 
246 25074 24758 24004 24947 
247 24068 24002 
248 22550 23755 24923 25135 
249 24916 24500 20305 
250 24289 25089 25172 
251 25000 25145 25093 24954 
252 24597 25135 24351 25135 
253 24632 24943 25174 
254 24898 23560 25089 25158 
255 24746 25068 24226 
256 20300 23015 23015 
257 24289 20428 20428 25047 
258 23766 23015 25069 23319 
259 20381 24397 24914 
260 25117 25104 25114 23097 
261 22963 25096 25096 24184 
262 22455 24923 20151 25102 
263 24000 20046 24411 25051 
264 20381 24923 25059 
265 24655 25157 23496 25089 
266 23744 25089 25146 25145 
267 25057 23550 24986 
268 25044 25078 
269 20174 24923 
270 24758 24965 24965 24655 
271 25140 25171 25038 25038 
272 23911 24115 25131 25131 
273 24899 24740 24742 
274 22397 24610 23560 
275 23602 25065 24624 24512 
276 22544 22569 25136 22569 
277 20047 24475 24475 24411 
278 24665 25145 25103 25146 
279 20575 25066 24894 24512 
280 24736 20523 
281 23462 22993 22993 20663 
282 24760 24740 24740 24752 
283 23766 24512 24521 24272 
284 20079 20065 20522 
285 24938 24186 24512 24540 
286 23747 25107 24632 25108 
287 25068 24894 25097 
288 23293 24475 22956 24924 
289 23287 20178 25135 22537 
290 24289 24833 25106 25108 
291 23442 23751 23751 24411 
292 23766 23800 22994 
293 24826 24760 24760 23790 
294 25105 25135 
295 23766 20305 
296 20260 24186 
297 24904 23015 25108 24243 
298 25157 24119 20046 25089 
299 24760 25066 23881 
300 24215 24760 24760 25047 
301 23604 22956 25129 
302 20099 23550 23797 23756 
303 22963 23871 24684 20994 
304 20967 25039 24000 24982 
305 20047 25135 25068 
306 24945 21543 
307 23287 24475 20994 24244 
308 25172 25039 20226 20226 
309 20064 20524 24894 24752 
310 24289 24329 20227 20227 
311 24624 20259 24752 23765 
312 24555 20668 24021 24728 
313 24901 24900 24512 
314 24760 20299 21543 23765 
315 21727 23871 
316 24034 20126 23727 
317 24748 25098 24880 25069 
318 25140 25068 23319 
319 25125 24810 24810 
320 24289 20302 23535 
321 24289 24632 25124 
322 21493 24894 25068 24107 
323 22963 20151 
324 23755 23576 21956 23087 
325 20428 23727 20126 
326 23479 24630 20314 
327 24833 25174 24347 
328 20518 20299 24490 
329 24289 23500 23111 24372 
330 25082 24945 25171 25121 
331 24289 23796 25085 22569 
332 23479 25103 25069 24920 
333 25105 23479 22567 22567 
334 22413 25124 25124 
335 20046 20299 20258 
336 20428 24512 25068 25047 
337 25121 25050 24760 24760 
338 24550 23479 20259 
339 23479 20300 20259 
340 20523 20297 21956 23111 
341 24289 20428 23087 23087 
342 24397 25175 23791 
343 20300 20178 24107 24107 
344 24519 24833 23319 24894 
345 23796 24411 25067 25068 
346 23011 24226 24411 25085 
347 25104 23818 25106 24411 
348 23943 24748 25153 25079 
349 22551 24945 24758 24758 
350 20988 24034 25092 24512 
351 25176 24478 24512 20372 
352 24596 25070 25153 25153 
353 24518 23755 24512 25092 
354 24627 24894 25097 25097 
355 25120 24512 24540 25141 
356 23602 25065 25153 25068 
357 25053 24924 25067 25051 
358 24765 23462 24920 20663 
359 24899 25077 25079 24512 
360 23776 23615 20086 24505 
361 24386 23446 24512 20274 
362 23442 24987 23774 24512 
363 23442 20988 24512 24512 
364 24002 24512 24512 
365 24671 20967 24512 
366 20065 20523 22021 22021 
367 24806 20428 24107 
368 20065 20258 24546 
369 20063 24669 25079 23319 
370 20065 24812 24811 
371 20080 20355 24512 
372 20576 20305 20522 
373 20080 23796 25099 
374 24553 24669 24512 
375 20305 24034 24512 23087 
376 24810 20297 24512 24554 
377 20064 24550 24512 25087 
378 20519 22826 25069 23087 
379 23943 20258 20258 
380 24671 20304 20304 23087 
381 20046 20668 23500 24645 
382 22415 20994 24900 25171 
383 24555 25098 23797 24880 
384 24186 20258 25141 25141 
385 24669 23594 24630 
386 24945 21956 23800 24400 
387 23727 25087 25087 
388 24916 25147 24752 23911 
389 24826 25140 25125 24184 
390 25064 24736 24610 25068 
391 23602 24669 24752 25083 
392 25127 25172 24979 24979 
393 25066 24826 20227 24752 
394 20575 20260 20260 23800 
395 23595 20224 20086 
396 23791 23576 24752 25129 
397 24752 25108 25145 
398 25083 20551 24752 20086 
399 20079 20304 24742 24752 
400 20382 24002 22827 
401 24987 24752 25103 24806 
402 24669 20305 20304 24547 
403 23776 24490 23536 21566 
404 20576 24752 
405 24500 25078 25047 25047 
406 23576 25071 25047 
407 25047 25145 23790 25153 
408 24597 25162 24107 
409 25117 25107 25047 25047 
410 25054 23755 25047 25051 
411 24763 24107 25133 25047 
412 25100 25099 25097 22997 
413 25064 25062 25047 23790 
414 25049 25047 23987 25101 
415 25074 23756 22569 25134 
416 25078 25077 25047 25047 
417 25146 25145 25148 25047 
418 23500 25079 25080 23756 
419 20063 25080 23500 23500 
420 25079 23818 25047 20663 
421 25077 24000 24000 25151 
422 20063 24186 25047 
423 20382 24002 20303 25047 
424 20524 25047 25079 24107 
425 24810 20355 20151 24107 
426 20064 20151 24894 20260 
427 25157 24742 24740 25092 
428 20297 25069 23747 25089 
429 25145 25157 25089 
430 25157 24748 25089 23790 
431 23595 24760 24760 25071 
432 24068 20988 25174 24574 
433 25133 25174 23270 
434 24736 24624 24833 23790 
435 25069 24804 25070 25174 
436 20079 24923 24490 25174 
437 20355 25174 25099 23087 
438 24551 22569 25114 23319 
439 21543 24272 24272 23087 
440 22544 20355 25067 25151 
441 20079 24894 25151 24901 
442 24736 24740 25062 23361 
443 24519 24034 23987 24272 
444 25121 25104 25109 24880 
445 24627 25147 24272 24272 
446 24945 24914 23751 23751 
447 25151 24186 23774 24272 
448 20576 24186 24272 
449 20967 21933 24272 
450 24597 23322 24272 23087 
451 25099 24119 23800 23087 
452 20079 25069 25069 24107 
453 24665 24810 24272 
454 24555 24272 24272 25069 
455 20080 24669 24901 25129 
456 24551 24880 24272 
457 24671 24550 24272 24272 
458 23278 22551 24408 25152 
459 25139 24947 24947 24408 
460 25101 25104 24954 24954 
461 25150 23111 24021 24408 
462 25049 24408 23500 
463 23287 20151 24408 24408 
464 24408 22567 
465 25054 25071 24805 24805 
466 24518 24671 24805 24805 
467 24519 24068 25121 25121 
468 24945 24805 
469 25100 24034 24632 24632 
470 25050 24247 24805 24805 
471 24758 25139 20258 24805 
472 23596 25121 25067 
473 23602 25102 25114 24805 
474 25160 24923 25171 24947 
475 20047 20967 25069 24805 
476 25101 25114 25108 24805 
477 20063 24760 24475 24805 
478 24899 24916 25071 24758 
479 25104 24880 25067 25068 
480 23442 24553 24880 
481 23595 24894 24947 24880 
482 24518 25147 25004 25004 
483 24396 23285 24979 
484 25150 25146 25092 
485 24518 23011 20006 20006 
486 23797 24833 25150 20006 
487 24881 22023 24945 23987 
488 25074 24943 20022 20006 
489 25150 24894 24894 25152 
490 20576 20226 20226 20227 
491 24002 20297 24372 20022 
492 25164 23755 25068 20022 
493 25150 25150 24938 24978 
494 25150 23797 21344 21344 
495 24665 24894 24979 21344 
496 23550 20486 21344 
497 24881 22544 23111 23111 
498 24748 24947 21344 
499 24881 24916 24186 21344 
500 22834 25106 20258 21536 
501 25145 20428 23797 25093 
502 24068 23576 21933 21543 
503 24881 23755 24806 22460 
504 24899 21543 21543 21543 
505 22835 23017 21543 20260 
506 24736 21543 21543 23293 
507 24818 25051 24924 25051 
508 25172 24987 24000 21543 
509 20258 22993 21543 21543 
510 24244 21543 23111 20351 
511 24746 21543 21566 24728 
512 23996 25051 24924 21543 
513 20048 23818 25051 21543 
514 23576 24203 24203 22567 
515 20047 21543 21543 25111 
516 23797 23207 23462 25105 
517 20047 25103 20260 21543 
518 20048 23881 23881 23881 
519 20486 24607 23550 21543 
520 20080 21304 21304 23087 
521 25085 24919 21543 20142 
522 24490 24728 24728 23853 
523 22993 21543 24021 
524 24669 22956 24203 24728 
525 25098 21543 20994 
526 24546 25108 25102 24633 
527 24518 23576 23293 23293 
528 25089 24736 25092 23111 
529 25117 25121 25067 23111 
530 25150 24746 23111 24978 
531 23111 24184 24244 24244 
532 20304 23496 22956 22997 
533 25103 23111 20663 
534 23602 23576 23571 24985 
535 22963 24244 24244 20663 
536 23111 24372 23987 20663 
537 20080 23790 23751 20142 
538 24372 23571 23293 25130 
539 24947 24945 25146 25146 
540 20174 25150 24985 23315 
541 23550 25050 25175 21304 
542 25133 25172 23293 25068 
543 23293 25052 25052 25087 
544 22995 25044 20046 24924 
545 20047 25104 25107 25107 
546 23293 24547 20225 25134 
547 20428 24034 23293 23591 
548 20428 24119 24920 24670 
549 20967 21566 23293 24546 
550 24943 23315 25153 24985 
551 25039 25052 20169 20169 
552 24225 24034 23536 24372 
553 22912 24633 23496 20663 
554 22826 25133 23571 23571 
555 24833 23571 23571 25158 
556 21933 24397 
557 25064 23987 24740 24136 
558 23442 24627 25158 24673 
559 25106 25120 25155 25155 
560 23462 23576 23756 
561 24225 23472 25158 
562 25148 24627 23462 23086 
563 25042 23852 24265 24265 
564 22963 23512 24000 
565 23595 23576 25097 25152 
566 25049 24924 20994 20663 
567 25108 24632 20259 
568 22993 23207 23796 25153 
569 20299 23322 20227 
570 23576 22956 20178 23084 
571 25172 25079 20314 24728 
572 25100 25101 25098 25099 
573 25135 25068 20046 
574 24551 20151 20259 
575 23479 22567 23087 
576 20523 22413 20260 
577 24550 23797 23797 21304 
578 20064 20258 23818 23765 
579 20355 24919 24919 23087 
580 24002 23751 24670 24900 
581 24645 22537 22537 23083 
582 25133 25055 24923 25085 
583 24818 23207 25054 24372 
584 25075 24372 22392 24372 
585 23480 20305 22826 24244 
586 20355 23818 23818 24400 
587 24068 25133 20988 25079 
588 24736 23744 25065 25141 
589 23595 24943 24226 24226 
590 23444 21866 23751 24021 
591 25043 24947 24978 24978 
592 25043 24987 24920 25050 
593 20291 23207 25068 24372 
594 24974 20304 23774 25068 
595 24387 24002 24372 24758 
596 25077 25068 25153 24372 
597 24806 22994 25133 24372 
598 20065 24811 24728 24372 
599 22997 24372 24372 24546 
600 21493 23751 24372 24813 
601 21727 24937 24938 23083 
602 23911 25127 24115 24115 
603 20228 20230 24673 23609 
604 24555 21369 23774 24728 
605 24986 24728 25087 23881 
606 25099 24607 24607 24728 
607 24490 25124 20291 25158 
608 24665 20259 24810 24546 
609 25065 23755 25103 25110 
610 24881 23109 24924 
611 24225 25140 25152 23813 
612 25078 24763 20988 
613 24881 24215 23702 23702 
614 23029 24632 23937 24632 
615 23446 24343 25039 23270 
616 23029 22551 24894 
617 24518 22995 23535 
618 23315 25135 23756 25172 
619 24881 22835 24833 
620 24746 25039 25039 
621 23109 23911 25096 25096 
622 25100 25120 25151 
623 24881 25150 
624 24221 22993 24914 24041 
625 25041 23853 23853 24115 
626 23774 23319 24004 
627 25072 25063 21037 24004 
628 21727 24684 20258 
629 24881 22544 25101 23500 
630 22995 25000 25000 23207 
631 24547 25104 24021 23535 
632 22415 20258 20225 20552 
633 24665 23765 25106 
634 24671 20046 24119 20303 
635 20300 25107 24655 24760 
636 20063 24833 23774 
637 20063 23315 24633 23315 
638 20225 22956 25124 
639 21493 23727 24894 
640 22826 23550 20151 24900 
641 25140 25039 24540 23087 
642 22455 24107 24107 24900 
643 23479 24034 20178 25136 
644 24225 22995 24945 24215 
645 25000 25067 24475 23756 
646 23500 25051 25101 24978 
647 20575 20428 20259 24978 
648 25160 25150 25150 
649 24203 24673 24924 24673 
650 25053 25050 24985 24985 
651 25075 24034 24985 25121 
652 24519 25108 25106 25155 
653 25070 25070 24804 25070 
654 20299 24985 25101 25153 
655 20576 20178 24985 20178 
656 20524 25082 25141 24985 
657 20576 24985 24985 25069 
658 24691 24258 20065 25046 
659 20064 24655 25059 
660 20063 24916 24347 25141 
661 20300 24671 24505 24916 
662 20064 24624 25072 25072 
663 20382 24002 20518 
664 20063 22536 22537 
665 20064 22834 
666 20063 24607 24607 24937 
667 23115 24986 23462 
668 23115 22397 24607 
669 23604 20259 20259 20314 
670 20064 24655 24740 24632 
671 20063 20258 20258 24919 
672 23996 23442 23790 
673 20063 22415 20551 20551 
674 23744 24553 
675 20064 23479 22567 23535 
676 24000 25099 25135 
677 20519 21369 22827 20314 
678 20576 20300 24607 20260 
679 23744 24546 24546 24624 
680 23818 24550 23818 
681 20518 20303 23315 20519 
682 20063 24670 20259 20303 
683 20064 20258 23535 23790 
684 20576 24552 24552 
685 20523 24550 24546 20519 
686 20063 20259 20259 
687 20064 25136 25136 22567 
688 22415 20303 20522 
689 20064 24186 25087 25087 
690 22413 25171 20258 25171 
691 20080 23774 
692 20575 23765 24810 24107 
693 24671 24021 20552 20314 
694 20518 22536 20259 24760 
695 20063 20224 20551 22994 
696 25139 24665 24203 
697 20575 24546 24546 
698 20576 22826 20304 25079 
699 24596 20523 24226 
700 23604 20523 21369 
701 20064 24400 23635 23635 
702 20518 20299 24624 24203 
703 20519 20300 20259 24813 
704 20524 23943 25079 
705 20079 24186 20126 20522 
706 20064 20260 20260 
707 20080 24546 25105 24184 
708 22826 24021 24021 
709 22544 23943 24607 
710 22415 24671 23512 23087 
711 22455 20519 24919 24547 
712 24813 24812 24630 
713 20064 21956 20291 
714 20227 22413 20259 20519 
715 20523 20355 24021 24041 
716 25120 24597 25103 25121 
717 22415 20524 25175 20522 
718 23115 20065 21956 20046 
719 20576 20065 23462 23943 
720 23604 20065 23796 23796 
721 20524 22419 20355 
722 20428 21933 
723 20065 20259 20099 23797 
724 20065 24669 21956 
725 25175 20065 20522 23087 
726 21956 20524 25124 25124 
727 24499 23747 20518 23349 
728 25104 25103 23500 23500 
729 24665 20518 20519 
730 20518 23479 24119 21304 
731 20518 25158 24203 23087 
732 20518 20305 20303 23087 
733 24748 23015 24723 20519 
734 24596 25170 25103 25166 
735 25062 25089 25089 25082 
736 21727 22544 25135 20519 
737 23115 20523 20258 20260 
738 23871 20524 23943 23496 
739 20258 20522 24021 20522 
740 20381 24665 20046 24633 
741 20524 21043 22419 22419 
742 20524 23987 23987 
743 20575 20524 24937 25101 
744 22413 20967 25097 25097 
745 23744 22397 24610 
746 20079 20299 
747 20080 24553 24552 20142 
748 24551 21956 20260 
749 20079 20299 23774 23536 
750 20523 23462 20652 20652 
751 20523 25098 25098 21304 
752 24669 20524 24021 24540 
753 20079 24186 24919 24812 
754 20079 25125 
755 23442 23776 23609 24184 
756 20524 22827 24021 23790 
757 24736 25062 23911 24740 
758 24899 22021 25063 24021 
759 24898 25066 22021 24462 
760 23602 24736 25065 
761 24736 25065 23790 
762 22397 22021 22023 25158 
763 20575 24742 24807 24807 
764 23996 22021 25130 
765 24736 22021 23751 23560 
766 23744 22021 22021 22021 
767 24898 23442 22023 
768 23996 22021 
769 20576 22021 24894 
770 23996 25066 20291 
771 22021 25105 25105 24670 
772 23604 25066 22023 21786 
773 24898 20967 25146 
774 24736 24610 24684 24610 
775 25064 25065 20991 25141 
776 23602 22397 24742 
777 25064 22397 23790 24299 
778 24736 24669 22397 24611 
779 24669 24737 25062 24611 
780 24899 22413 20258 
781 20381 23776 22397 23774 
782 23776 22421 25066 
783 23996 23776 22397 25146 
784 23996 25065 20258 20260 
785 20381 23446 22415 
786 23744 24243 24633 
787 24899 22397 22455 24347 
788 24899 22536 22537 23500 
789 23776 22421 22419 20551 
790 22413 20297 
791 24899 22397 22536 
792 23744 23776 25141 23791 
793 25175 24987 
794 23550 25106 24945 
795 23550 25141 25158 23937 
796 23550 24000 25175 
797 23550 24804 24226 
798 25075 24632 24000 24226 
799 23550 25111 25039 
800 25064 24736 23560 23791 
801 20486 23594 23596 23596 
802 22835 23015 25103 
803 22835 23595 24923 
804 25053 23550 24184 24920 
805 24397 23550 23550 
806 25100 23550 23751 23751 
807 20174 25070 24347 25070 
808 24519 23550 
809 20174 25114 22537 22537 
810 25100 24945 23550 24807 
811 25160 23550 25103 25108 
812 25070 23550 25106 25070 
813 23550 23751 24329 25108 
814 24386 23594 24894 
815 25100 23550 23550 25111 
816 24002 25087 25087 23911 
817 20047 23015 25175 
818 25147 25042 24000 
819 25119 25106 25106 25121 
820 23480 24347 23550 
821 25100 25168 23550 
822 23755 24818 25068 24098 
823 23756 23550 23550 24004 
824 22993 23594 24041 
825 20047 24523 23550 24607 
826 20258 20551 23765 23765 
827 25079 21304 21304 
828 23287 24550 20126 
829 20079 20260 20304 20304 
830 20355 25108 23315 25109 
831 24546 23550 20225 20227 
832 23287 24669 20178 23315 
833 24665 22455 23943 24947 
834 24610 20224 20551 20224 
835 24916 25064 25065 25097 
836 24684 25062 25062 23853 
837 25077 20291 20291 23560 
838 23604 24807 24807 24475 
839 24736 22419 23560 24611 
840 24898 23744 24624 23560 
841 24898 24610 23560 
842 20079 23560 20080 23560 
843 24899 20355 23560 20994 
844 24736 24299 24136 23937 
845 25064 25158 
846 20486 25089 25093 24136 
847 23115 24627 23446 24136 
848 24763 24238 22314 
849 23115 23446 22419 
850 24899 20551 20046 
851 23602 20552 20551 
852 23115 24186 25175 24299 
853 25063 24914 25146 24299 
854 20988 24742 24740 24299 
855 23115 24833 24833 24299 
856 24597 22835 23462 
857 25170 24763 23135 23135 
858 24597 25070 24914 25070 
859 25164 25117 25118 
860 24748 25117 25162 
861 25170 25164 25162 
862 25170 25125 24760 25146 
863 24748 22993 22993 
864 22835 23755 
865 25170 25119 25049 
866 24596 22835 23015 
867 25170 25114 25109 
868 25166 25117 24184 
869 24596 22835 
870 24596 23796 24329 24329 
871 24596 24923 20291 25108 
872 24597 24115 25055 25055 
873 24225 24987 23207 25068 
874 23030 25164 25168 
875 25074 24923 25162 
876 25160 25053 23500 24247 
877 25100 25166 25166 
878 23480 24684 
879 20486 23853 23853 23086 
880 20297 20260 24107 24203 
881 25136 25103 24607 23635 
882 25120 23479 20046 24119 
883 24665 21369 21369 23535 
884 20046 20099 23790 
885 24811 24833 22956 
886 25168 20099 20099 
887 20297 20260 20151 
888 25162 25152 
889 24746 25125 25125 23535 
890 25170 25105 25172 25105 
891 22963 23871 25106 25106 
892 22544 23776 23774 
893 20300 24597 24000 23496 
894 24736 24610 
895 24898 23442 
896 25064 24610 24737 24737 
897 24826 25066 24947 24478 
898 24736 25140 24624 23791 
899 24898 20224 20552 24610 
900 24899 24740 24742 20663 
901 22415 24610 24610 
902 20048 24610 24610 
903 21933 25072 25072 24611 
904 23604 24400 24400 24611 
905 24898 24736 24742 24607 
906 24916 22544 22551 
907 24736 24002 23285 
908 24519 25097 
909 24736 23595 23596 
910 23996 24833 24833 25158 
911 25083 
912 24519 23613 23615 23615 
913 24736 24665 20305 24324 
914 23602 24916 23790 23270 
915 24826 25065 20303 20303 
916 23613 21933 20991 
917 25064 24736 22544 24462 
918 24002 24975 20988 
919 23604 24215 24624 22755 
920 24736 25063 25062 20303 
921 24736 25053 25052 
922 24898 23594 20260 
923 22413 24665 23500 23500 
924 20552 25078 23512 
925 20224 23751 23751 23751 
926 24746 24748 22993 22994 
927 24898 21037 24742 
928 23996 24740 24742 25135 
929 24898 24943 24742 
930 22419 24938 23987 23987 
931 24736 23911 23911 25089 
932 23115 23776 23987 
933 24938 25066 20291 25141 
934 23115 25153 
935 20575 24945 20668 20668 
936 23996 24740 21037 24670 
937 23115 23446 20291 
938 23996 20299 
939 24899 24742 22994 23472 
940 23604 23776 24916 23774 
941 24736 24186 24945 25126 
942 20048 25077 25103 
943 23604 25135 25135 24607 
944 23996 24671 23853 
945 24736 23595 
946 24736 25127 24937 24938 
947 24624 20300 24804 24804 
948 23602 20224 20551 
949 25064 25063 25146 25145 
950 23594 23756 24737 24758 
951 20575 22536 22537 20260 
952 23462 24737 25038 25038 
953 20575 24742 24021 24475 
954 24002 25077 25067 25067 
955 25092 24826 24655 
956 25077 24742 24740 
957 23277 24742 24740 
958 24742 22413 20142 20142 
959 25139 25106 25106 23756 
960 20046 23472 20099 24740 
961 24826 25092 25092 24965 
962 25074 25075 20486 25092 
963 24518 24826 25092 25146 
964 25066 24826 25089 25089 
965 24826 24760 20304 
966 24898 24002 23462 25147 
967 24627 25063 25063 24807 
968 24898 25064 20260 24247 
969 25077 23987 20291 24478 
970 23911 21043 21043 22584 
971 24627 24002 23774 
972 25066 20258 20258 
973 20575 25077 24945 23751 
974 21727 20226 20428 
975 24901 20551 20224 
976 24669 22536 24630 24901 
977 24555 25131 25131 23592 
978 23911 24945 24945 24901 
979 24546 20126 20126 24900 
980 21727 23609 24900 23087 
981 25043 25109 23536 24901 
982 23479 23322 24900 24901 
983 20080 21304 21304 24901 
984 24669 22956 23087 
985 20576 23790 24901 23790 
986 20079 24901 24901 25158 
987 20576 22455 24901 24758 
988 25062 25145 24947 25093 
989 20297 24937 25063 23791 
990 20575 25066 25063 
991 24386 22419 22419 
992 23604 24943 20988 
993 23594 24916 25065 24916 
994 25074 22994 23796 
995 24500 20224 20551 20086 
996 25070 24914 20046 24954 
997 25160 22551 23943 
998 24746 25073 
999 25160 25104 25039 
1000 25162 25039 25102 25166 
1001 25160 25054 24247 
1002 25075 25119 25067 24514 
1003 25160 25147 
1004 25147 25148 25103 
1005 23796 22755 23791 23791 
1006 22835 21304 25148 
1007 24804 25070 25162 25067 
1008 24987 23796 25153 23797 
1009 23277 22536 22537 23774 
1010 25104 25114 23596 22455 
1011 25051 21933 20663 25171 
1012 23776 24002 22536 
1013 25077 24021 24021 
1014 25039 24923 25059 
1015 24553 20967 22956 
1016 24002 23322 20291 24098 
1017 24221 22993 23796 22455 
1018 25168 25053 25109 25166 
1019 22551 25166 23987 24514 
1020 25164 23813 22755 24215 
1021 24519 25164 25051 
1022 20126 23479 25097 
1023 25166 24351 25068 
1024 25168 24943 25155 25107 
1025 20302 24748 24920 23818 
1026 20080 20551 20224 25051 
1027 20080 23871 20348 24258 
1028 20575 24671 20226 
1029 24671 20297 23765 23765 
1030 20080 24186 25102 23609 
1031 20080 20126 
1032 20080 24665 20260 
1033 20046 23818 
1034 21727 20080 20230 20230 
1035 21493 20178 
1036 24500 24670 24945 20086 
1037 24671 23594 20086 24916 
1038 21933 20086 20086 25083 
1039 23613 25132 25132 20086 
1040 24499 20305 24670 24505 
1041 24943 23613 23615 24504 
1042 20575 20258 24894 
1043 24665 23479 20668 22827 
1044 20575 24630 24000 
1045 24555 24938 24919 
1046 24547 24671 20259 24203 
1047 20576 24937 22827 22827 
1048 24938 20178 20258 
1049 24671 23087 22567 23818 
1050 20576 24119 24630 24119 
1051 23349 23615 
1052 25089 20224 24947 24947 
1053 24519 23595 23615 20991 
1054 24670 24002 20225 22415 
1055 22413 23536 23536 23791 
1056 20047 25114 25108 22413 
1057 22827 21369 20259 24624 
1058 23744 20260 20259 
1059 22415 24670 23083 23083 
1060 24490 22567 22567 20552 
1061 20355 22413 23818 
1062 22415 20299 25069 25068 
1063 22421 20225 20225 24684 
1064 24673 24938 22421 23756 
1065 22419 20259 23987 
1066 24669 22419 22421 24630 
1067 23115 20226 
1068 23115 23871 23756 24607 
1069 23115 20302 20227 20227 
1070 22421 24186 20226 
1071 23115 25070 24954 
1072 20259 25101 24633 24633 
1073 23996 24937 24938 23084 
1074 24938 24810 20259 23791 
1075 23613 23349 
1076 24499 23613 23349 24506 
1077 25078 24763 25158 25158 
1078 23776 23446 24624 23270 
1079 23602 23911 25175 
1080 23604 24002 23446 
1081 22963 24673 20230 24343 
1082 24975 23776 23774 
1083 23602 25083 25084 
1084 23602 25083 25147 25147 
1085 23602 24186 
1086 23744 20551 23512 23512 
1087 24804 25070 23479 25069 
1088 23602 23442 23774 
1089 23480 20967 21956 
1090 24671 20226 20227 24258 
1091 23604 23594 24490 24490 
1092 24624 24669 24937 21304 
1093 23744 23479 20259 23087 
1094 23604 25073 25073 23087 
1095 24916 24765 
1096 24499 25072 24324 
1097 24691 24673 24673 24673 
1098 24499 25102 
1099 24499 24914 24914 23791 
1100 24500 20300 20225 20551 
1101 24624 23790 24920 24965 
1102 24916 23319 24258 20291 
1103 24904 24916 25146 24916 
1104 25082 20228 
1105 25074 25082 24945 24947 
1106 25082 24041 24041 23751 
1107 22963 23871 24258 24258 
1108 24645 20967 25082 25082 
1109 20046 20302 25082 25082 
1110 25083 24894 23270 
1111 20047 22567 22567 23911 
1112 20428 24000 24000 22567 
1113 24551 24923 25136 23881 
1114 24002 23881 25097 25124 
1115 24630 22567 23881 22567 
1116 24671 20258 23881 23881 
1117 25109 25121 22567 25121 
1118 22567 24986 25098 25108 
1119 25100 25119 22569 22569 
1120 20047 23015 23015 25136 
1121 25100 24490 25106 22569 
1122 25100 25135 22569 25136 
1123 20258 25097 23774 23774 
1124 24627 25108 23853 23881 
1125 24938 24986 24607 
1126 20046 23881 23881 
1127 25074 25107 24490 24689 
1128 23011 25101 24689 
1129 23766 23480 24184 24689 
1130 24387 20291 23987 24689 
1131 23479 24945 25097 25134 
1132 21727 25135 24673 24673 
1133 22963 22835 22956 25135 
1134 25135 23755 24514 25172 
1135 24765 23755 25135 20230 
1136 25104 25135 24920 24924 
1137 24904 23015 25148 25097 
1138 23279 22544 25107 25097 
1139 20047 23011 22834 
1140 20048 25135 25135 24684 
1141 23766 24186 25135 25135 
1142 24068 25111 25114 25114 
1143 20048 22834 25135 
1144 20047 24986 25135 
1145 20967 25148 23751 23751 
1146 23796 22994 25135 
1147 24551 20224 25107 
1148 23286 25104 25135 
1149 24665 25135 25135 23496 
1150 23286 24923 20291 24919 
1151 20047 23322 25135 
1152 23479 24914 20151 
1153 24669 20314 24670 20314 
1154 24669 20260 25099 
1155 25151 25136 23596 23596 
1156 23796 24215 23467 23467 
1157 25117 25114 25087 23270 
1158 25141 25147 23797 25158 
1159 25114 23015 25052 23015 
1160 23467 25126 23796 24981 
1161 20047 25049 25051 20663 
1162 24811 25127 20259 25131 
1163 23472 22993 23796 24807 
1164 23084 21566 25131 23084 
1165 25104 23112 23112 20228 
1166 23445 25056 23937 
1167 24760 24833 25127 23496 
1168 24914 24914 21933 21229 
1169 25051 24818 20151 25129 
1170 20048 22956 23015 21566 
1171 23467 23796 24632 24632 
1172 20258 22956 20348 24981 
1173 25130 24034 20372 
1174 23319 25130 
1175 24684 25130 
1176 25100 25097 25102 25111 
1177 24221 23467 25096 25141 
1178 23594 23462 25054 25051 
1179 23594 22963 25146 
1180 25077 23594 20988 
1181 23755 23594 20230 20230 
1182 23442 24975 24894 
1183 25117 25103 25103 25107 
1184 20174 22997 20291 25158 
1185 20382 23776 23774 
1186 23480 22834 25069 24954 
1187 20428 22993 24986 
1188 24002 25153 23774 24804 
1189 23594 20151 25106 23818 
1190 23287 24553 20259 
1191 24547 25133 24475 
1192 24550 23083 23083 23536 
1193 25104 23594 25105 
1194 20260 23322 23596 
1195 20048 20302 23818 23818 
1196 25103 20300 25098 
1197 23595 25098 25151 20314 
1198 24553 25107 25099 23751 
1199 23479 21369 
1200 20048 25087 25087 
1201 24554 24670 24938 
1202 24811 24669 24811 
1203 25117 25121 25101 23500 
1204 23595 25107 25107 
1205 23595 20169 
1206 25077 25152 24833 25152 
1207 21933 22835 21866 21866 
1208 25148 23755 25069 24462 
1209 25075 24833 23818 24247 
1210 24221 24894 23911 20291 
1211 25100 25104 25124 
1212 23766 25148 24021 23535 
1213 25041 24923 25049 
1214 21493 24684 21037 21037 
1215 24553 25155 25155 
1216 23776 22537 22536 25068 
1217 20048 25039 22956 23536 
1218 20382 20305 22826 
1219 23595 22993 21304 23596 
1220 23287 23512 23512 
1221 23756 20099 20259 20314 
1222 24671 23871 25068 
1223 22544 24186 20303 20304 
1224 24923 24607 24607 
1225 25099 25098 20099 22755 
1226 20967 24811 24810 20314 
1227 20305 20967 
1228 21727 20967 21037 23315 
1229 24396 25056 23285 24107 
1230 22455 23535 23536 24608 
1231 23480 22834 25107 
1232 24550 24923 22455 
1233 20260 20305 20552 23596 
1234 23322 23628 23628 25152 
1235 22551 24068 24514 24514 
1236 24914 25101 24514 24514 
1237 25080 24514 24933 
1238 24396 22551 24514 
1239 24225 24514 24514 
1240 25104 25039 24514 24514 
1241 25148 24186 25103 25107 
1242 24691 23755 24894 24632 
1243 23755 25067 23628 25067 
1244 24894 23472 25158 22460 
1245 22963 20258 25039 
1246 24004 25139 25172 24004 
1247 22995 23796 25141 24215 
1248 24387 22544 24986 25151 
1249 20048 24923 24894 
1250 25100 25119 24894 25108 
1251 25140 20428 23467 
1252 24833 20151 25153 20314 
1253 24000 23609 21369 20178 
1254 24547 20302 25107 
1255 24519 24987 25067 
1256 20967 22552 25069 
1257 25075 24924 24987 24924 
1258 24225 25068 23943 23472 
1259 24904 25148 24986 25152 
1260 23286 24987 24914 
1261 25139 25104 23496 
1262 20047 24904 25069 24954 
1263 24387 24632 24632 23774 
1264 24987 25068 24215 24215 
1265 22995 24987 22994 22997 
1266 24387 24002 25151 
1267 20046 20258 20259 23790 
1268 24555 25039 23987 
1269 20300 24632 24000 
1270 24987 25107 25107 23797 
1271 20048 25104 25103 25151 
1272 24627 24343 24021 25151 
1273 24225 22995 25152 25152 
1274 24225 24807 
1275 20486 25053 25000 25000 
1276 21493 23512 24260 23512 
1277 21493 23755 25067 
1278 23766 25148 
1279 20486 25096 24914 24041 
1280 22835 24904 24904 
1281 20047 25158 25158 
1282 24519 25148 23911 23911 
1283 25108 24002 25099 25114 
1284 22835 
1285 25074 25078 20988 24021 
1286 21493 20291 24673 24673 
1287 24691 24521 23871 25141 
1288 20048 25148 25107 
1289 24691 24521 23015 24258 
1290 25041 22544 
1291 24904 23015 23015 
1292 23011 25148 25147 
1293 25096 22893 21043 21043 
1294 24000 22509 23315 23315 
1295 25101 20552 20225 25097 
1296 21727 23512 23512 
1297 22544 23442 25042 
1298 23287 25139 
1299 23286 24671 25146 24521 
1300 22963 23871 23911 25079 
1301 20994 23011 
1302 23871 25139 22956 23496 
1303 24671 23871 24684 
1304 24684 20355 24000 
1305 21493 24938 24937 24632 
1306 24669 24553 23319 23319 
1307 24551 
1308 20967 20178 23087 
1309 21493 24669 24810 
1310 21493 20299 24021 
1311 20225 24546 20178 
1312 24938 25087 25087 24490 
1313 24324 24633 25153 25153 
1314 23480 25085 25153 
1315 25039 25153 
1316 25119 25133 25103 25068 
1317 23480 22834 25153 25153 
1318 25042 20297 25153 
1319 24553 25153 25153 
1320 24547 24343 24041 
1321 22544 25153 23790 
1322 25175 25049 24923 24924 
1323 20228 23112 25046 
1324 23480 22834 25175 20314 
1325 20047 25175 24669 24347 
1326 24387 24186 
1327 20302 25175 24215 
1328 25175 25049 24000 
1329 24665 25148 25087 
1330 20305 25175 24021 23800 
1331 25145 20259 20260 
1332 24789 23442 25176 25057 
1333 24691 23442 24945 22737 
1334 24518 25172 
1335 22963 22834 24945 
1336 22963 24684 25172 
1337 21727 25059 20178 23751 
1338 24811 24760 22455 24813 
1339 24630 23943 25172 
1340 25100 25039 20046 20046 
1341 25101 23479 24021 20046 
1342 25075 25105 25105 25098 
1343 25103 23479 25105 25105 
1344 23479 23751 20291 20142 
1345 25140 23479 23727 23727 
1346 20046 20259 20668 
1347 24669 21956 20046 25099 
1348 20046 24833 25106 23496 
1349 23755 22536 20046 
1350 22826 25108 24607 23087 
1351 23479 25098 25099 25059 
1352 24691 
1353 20297 25148 21956 
1354 22963 24673 24258 
1355 20047 23011 20304 20303 
1356 20047 20967 25146 
1357 20047 24632 24329 24632 
1358 20047 24943 25097 
1359 20047 25098 25098 24806 
1360 20047 20300 23790 
1361 20047 20994 20994 20994 
1362 20048 23011 20259 25105 
1363 20047 20994 20994 20994 
1364 20047 22826 22826 23315 
1365 20047 20988 
1366 20047 22536 25106 24041 
1367 23286 25139 20663 
1368 20047 25104 24986 24804 
1369 22834 22993 22994 20304 
1370 21727 24684 24684 
1371 20047 24669 24670 21566 
1372 23287 25049 20151 25109 
1373 20048 25155 25105 20994 
1374 20047 24923 20260 
1375 20047 20300 
1376 24475 24034 23207 24215 
1377 20355 24811 24919 24920 
1378 24553 21037 21037 
1379 20259 23987 23987 22537 
1380 21727 24833 23500 
1381 20048 23500 23500 23087 
1382 20967 20305 25124 25099 
1383 20047 20258 
1384 25097 25087 25067 25087 
1385 24671 20302 
1386 23943 25124 24813 
1387 20048 22834 24914 
1388 20967 24758 24758 
1389 20048 25070 25147 24954 
1390 20048 23871 
1391 22963 20151 23500 
1392 22997 22994 22994 
1393 23011 25108 25108 25105 
1394 23287 25105 24904 25098 
1395 20967 25148 24760 24521 
1396 20299 25114 25107 
1397 20048 20988 
1398 20048 24943 25111 25121 
1399 24555 20967 24021 22827 
1400 23087 
1401 23286 25104 25101 
1402 20967 25155 24806 20994 
1403 25117 24923 
1404 23286 23871 24684 
1405 23011 20355 20355 
1406 25140 20428 20099 25085 
1407 25104 25155 25109 
1408 24518 23442 
1409 24519 25120 24933 
1410 23766 22835 20351 24021 
1411 25120 24807 22834 
1412 25125 22956 22956 
1413 23011 20302 24655 24655 
1414 23766 23480 23797 23797 
1415 22544 20297 25107 
1416 23480 23853 23853 20260 
1417 23480 22834 22956 25158 
1418 22834 22536 22536 20663 
1419 23286 20299 
1420 25148 22826 24813 23818 
1421 24923 25039 23853 25106 
1422 22835 25054 24924 
1423 22835 25039 25107 
1424 23286 23361 23112 23112 
1425 22963 22835 24259 
1426 23766 25148 25155 25147 
1427 22835 25148 23871 
1428 22835 25097 23015 
1429 23755 22835 
1430 23015 25103 25103 24947 
1431 22835 25171 22460 
1432 25148 24632 
1433 24521 21933 
1434 23015 25114 24521 
1435 25148 25067 22544 
1436 22835 24186 24924 24924 
1437 24186 25147 20260 
1438 22835 23015 23319 
1439 24746 24943 23496 
1440 22835 20302 22956 23853 
1441 22835 23871 24673 
1442 24004 24758 24947 24462 
1443 22835 24041 24041 
1444 23755 25039 24226 24226 
1445 22963 23011 24673 
1446 23286 24833 24833 23790 
1447 23030 24807 23496 
1448 25074 20302 20303 
1449 22963 25139 24633 24632 
1450 23287 23011 24904 21566 
1451 23011 23480 24904 
1452 23480 25103 25107 23818 
1453 23015 25039 24904 
1454 20291 22963 24673 23015 
1455 23766 22956 22956 24608 
1456 23015 23480 24343 23800 
1457 20178 23871 23015 
1458 25146 24521 24523 24655 
1459 23766 23015 24000 25059 
1460 23286 25155 25114 25109 
1461 22963 24904 25147 23512 
1462 23287 23015 25098 
1463 23480 25101 25097 
1464 24665 24630 23015 23751 
1465 24247 20994 24807 24807 
1466 24519 22956 22956 25146 
1467 23286 25053 25052 25052 
1468 23286 24943 24021 24521 
1469 24665 24833 
1470 23479 25077 23765 23765 
1471 20099 23479 25068 23496 
1472 23479 21369 25099 25099 
1473 23479 25099 20259 24633 
1474 24665 24986 20994 23765 
1475 24691 20302 22826 
1476 23480 24943 24632 
1477 23480 24943 20151 25106 
1478 24627 20126 23727 23911 
1479 24671 23765 20291 23496 
1480 20988 24763 23135 25155 
1481 23766 24462 23112 20228 
1482 25106 24329 24633 
1483 24691 25078 23500 24119 
1484 24221 22995 25133 25085 
1485 24519 24943 23319 25052 
1486 24396 24002 22544 
1487 24518 25119 25089 25109 
1488 24518 24933 24933 
1489 24518 24225 20260 24632 
1490 24519 24184 23472 
1491 25067 23097 
1492 24518 24632 25096 24041 
1493 25078 24763 25141 25158 
1494 24221 23813 24924 
1495 25054 23755 24107 24919 
1496 24518 25104 
1497 25155 25109 23987 23987 
1498 24943 20291 20291 24462 
1499 25109 25103 22956 
1500 25051 24806 23500 
1501 24691 23512 24655 
1502 25100 20305 25101 
1503 25049 20151 20151 
1504 24665 22455 22455 
1505 25148 23755 
1506 24904 23796 24215 24215 
1507 24760 24810 25146 
1508 24627 23987 23987 23512 
1509 20224 25077 25147 
1510 25079 25155 25101 23357 
1511 24943 25106 20126 20126 
1512 25117 24000 
1513 23278 23285 25000 22737 
1514 24221 25000 
1515 24351 23467 22737 
1516 25096 24000 20258 
1517 25054 24000 24924 
1518 23755 24000 24923 
1519 24975 22544 25067 25158 
1520 25077 24670 24000 
1521 25044 24203 20178 23535 
1522 20486 23796 24000 24215 
1523 25104 25121 24000 23496 
1524 24555 24000 23591 21566 
1525 24943 22993 25098 24041 
1526 20258 24811 24811 23315 
1527 25073 21956 25049 23087 
1528 20428 20355 23500 
1529 25104 23500 24000 
1530 24386 24943 24021 23774 
1531 24221 24478 23796 
1532 25074 20151 25052 21304 
1533 24943 22993 23911 23911 
1534 24387 23442 25059 
1535 21727 23871 25087 25059 
1536 23796 24924 23818 20663 
1537 20228 22993 22994 20099 
1538 20299 20099 20151 25105 
1539 23472 20099 25098 20994 
1540 20099 22826 24947 24215 
1541 21956 25097 23853 23087 
1542 24806 24034 20314 
1543 22993 25044 25098 
1544 20428 24920 24490 
1545 25111 25039 20099 
1546 20099 22536 20258 23087 
1547 20428 22994 23087 
1548 25140 24041 25124 25124 
1549 24221 22995 24041 22392 
1550 24221 23813 22392 22392 
1551 20355 23472 23609 
1552 24186 22994 22994 23796 
1553 24673 23512 23512 24259 
1554 22995 22755 24215 22584 
1555 22993 23207 22755 20260 
1556 25140 23207 22755 25171 
1557 25049 22993 24490 24347 
1558 22993 23207 24982 20663 
1559 22995 22993 22755 24041 
1560 23207 24041 23462 25038 
1561 20299 24041 22993 23796 
1562 24746 22993 22997 
1563 24068 24914 24914 23796 
1564 24943 22993 23207 23207 
1565 24746 22993 23207 23797 
1566 22993 23207 23536 24655 
1567 22994 25132 25132 21566 
1568 23755 22993 24343 24115 
1569 23207 24184 23796 24115 
1570 25075 23796 23500 22997 
1571 23911 22994 23727 23087 
1572 24002 20668 20668 
1573 23322 22994 25098 24950 
1574 20174 23796 23796 22994 
1575 24215 20994 25124 25124 
1576 24627 25108 23818 22994 
1577 24225 22995 23797 23797 
1578 25041 22995 23322 
1579 24351 22995 25158 
1580 20174 23467 24041 24347 
1581 22997 23446 24947 24021 
1582 22997 24760 25049 23496 
1583 20174 20126 23207 23813 
1584 25119 24215 24215 24947 
1585 25085 24608 25085 20663 
1586 25140 23755 25068 21229 
1587 24221 23442 23987 23813 
1588 20225 23943 23943 22455 
1589 25133 23796 23800 22455 
1590 23796 24671 20226 25109 
1591 25111 22956 25171 25101 
1592 25125 24833 23797 23797 
1593 23797 24347 24804 23628 
1594 23797 24818 23756 25141 
1595 25125 23797 25111 25111 
1596 23442 23797 20994 23087 
1597 24547 25141 25141 23797 
1598 24221 24184 24184 23800 
1599 24324 25072 23751 24215 
1600 25140 25104 25049 24947 
1601 24184 20668 23800 23800 
1602 24396 22550 21866 20291 
1603 23943 23756 25049 25049 
1604 24041 25096 22584 
1605 25041 24115 24098 25044 
1606 25101 24914 24632 24041 
1607 24975 24002 24041 24041 
1608 24041 24347 25158 25141 
1609 24324 24758 25141 24933 
1610 20302 24215 24607 
1611 25100 25121 24343 24343 
1612 25043 24475 25171 25171 
1613 24691 24833 24259 
1614 24671 24833 24920 20230 
1615 24833 20668 20668 25087 
1616 24924 24806 23987 25106 
1617 24914 24924 24818 24247 
1618 25119 24068 24914 25070 
1619 24068 25072 24914 20230 
1620 25140 21229 
1621 25100 25108 25107 24633 
1622 20552 20230 20230 24475 
1623 25100 25125 25108 
1624 25075 25103 25125 25093 
1625 21727 25139 23853 
1626 22956 25098 20259 23818 
1627 24746 24986 23853 23853 
1628 25053 25051 22827 22827 
1629 24746 25145 25103 24947 
1630 24746 24804 
1631 24748 25108 25108 25108 
1632 25100 24021 25079 25108 
1633 25145 25093 25089 25089 
1634 20302 25104 25039 25114 
1635 23911 25039 22460 22460 
1636 23445 24974 25039 23937 
1637 24002 25039 24945 24947 
1638 25039 25109 25109 24950 
1639 24068 24945 
1640 20381 25133 25133 
1641 23776 23442 22537 22537 
1642 20382 24665 24632 23319 
1643 22963 23535 23535 24684 
1644 23442 20668 22827 24758 
1645 24765 24763 20126 
1646 23727 25104 25097 24098 
1647 24974 22550 23285 
1648 24068 20988 23500 23500 
1649 22544 23776 25171 25105 
1650 24919 25055 25055 22279 
1651 25100 25107 22305 22305 
1652 23943 20260 25099 25099 
1653 24550 20260 23943 22455 
1654 25068 22455 25098 24924 
1655 25107 23727 25101 20663 
1656 22963 24673 24475 24807 
1657 21956 25050 25049 24243 
1658 25111 25178 25116 25178 
1659 24665 23315 24807 24807 
1660 25100 25171 25102 25102 
1661 20355 24923 20291 23751 
1662 25101 20355 25099 25106 
1663 25038 25132 24982 20353 
1664 25102 25069 24945 24633 
1665 24632 20228 24561 24632 
1666 23445 23444 23702 23702 
1667 24329 24947 25071 
1668 25100 25121 25106 20663 
1669 24004 24945 24329 24607 
1670 25120 24943 25121 24632 
1671 25133 23756 
1672 24789 25133 23756 23756 
1673 25042 25070 24954 24954 
1674 24555 22826 
1675 25133 24986 24107 
1676 23444 23442 20151 
1677 25100 25119 25105 
1678 24555 20225 20225 23818 
1679 20258 20259 20258 
1680 20297 25042 22956 23496 
1681 22826 24607 24607 23496 
1682 24630 22827 25107 
1683 24818 25102 20169 
1684 24818 25087 23319 20169 
1685 24923 24943 24655 20226 
1686 25104 21956 23496 
1687 24387 24002 23774 23774 
1688 22827 25079 25087 
1689 24002 21369 25079 23087 
1690 23818 25105 25106 24924 
1691 25054 25072 25105 25105 
1692 25111 24247 25111 25111 
1693 25054 23853 25124 25052 
1694 25049 23535 21229 24324 
1695 25043 24490 24924 25098 
1696 24324 24818 23911 
1697 24818 23853 25124 
1698 24763 24765 24818 
1699 24818 23755 24923 
1700 25075 25139 24923 24324 
1701 25053 25155 24758 24758 
1702 23446 23444 24448 24920 
1703 25100 25106 24920 24920 
1704 25051 22826 20663 25068 
1705 25074 20486 23987 23987 
1706 24923 25087 24947 24947 
1707 25056 22550 23285 
1708 24923 25052 25050 23319 
1709 24387 23442 24540 
1710 24758 25049 24004 24004 
1711 25075 25053 25099 25121 
1712 23319 25054 
1713 23029 20663 25057 20663 
1714 23755 20258 23987 20663 
1715 23322 21304 21304 23087 
1716 20988 23774 25079 
1717 23871 21786 24986 25079 
1718 25101 25139 25079 
1719 20174 24804 25067 25067 
1720 25041 24397 25057 
1721 25042 25044 25098 
1722 20486 22544 
1723 24691 20226 24258 24259 
1724 23755 20178 20227 20227 
1725 20486 24186 24607 
1726 23756 25111 25109 25109 
1727 24671 20226 20230 
1728 21727 20226 20230 20228 
1729 24671 24550 24552 23536 
1730 24691 23512 23852 23852 
1731 24691 24258 23112 
1732 22963 24684 23315 23315 
1733 24068 23512 24673 23512 
1734 20226 24673 23315 24258 
1735 24258 24673 21037 21037 
1736 20304 23871 20230 
1737 20382 24665 23774 23751 
1738 25125 25000 24098 25073 
1739 25075 24324 21198 21198 
1740 21037 25087 23357 22893 
1741 25041 25106 23609 25111 
1742 25120 24947 25102 21037 
1743 20305 25044 25097 25097 
1744 23535 23536 21229 22671 
1745 23535 22956 25124 21229 
1746 25125 23536 21229 
1747 24021 23536 25124 21229 
1748 24607 24608 25125 
1749 25124 20228 25046 
1750 25100 23535 23536 24608 
1751 20260 21369 25067 25124 
1752 20299 25104 25099 25099 
1753 23442 23285 25125 
1754 24004 20225 22827 25072 
1755 20142 20230 20228 
1756 25043 23442 20291 
1757 20300 24004 23756 24004 
1758 25098 20299 25097 25098 
1759 20305 20302 25097 
1760 24943 23442 25098 
1761 25109 20305 25099 25108 
1762 25100 25119 
1763 24004 24758 25105 25105 
1764 25078 23755 25110 
1765 22544 23285 22551 24947 
1766 24186 25155 25107 
1767 25139 25114 25114 
1768 24324 24947 25114 
1769 25117 24324 20372 23937 
1770 25155 24763 
1771 24386 23279 
1772 20381 24397 23774 23774 
1773 20381 23774 23774 23987 
1774 20382 24002 
1775 24386 23446 
1776 23276 23442 23937 
1777 23774 22544 24098 24098 
1778 24386 25077 
1779 24788 23285 20988 
1780 23029 22551 22551 24107 
1781 23445 23446 
1782 22550 
1783 23276 22550 23285 24226 
1784 23029 21933 25072 
1785 23285 24974 
1786 24789 22550 
1787 24396 22550 
1788 24974 20291 20291 23937 
1789 23776 22550 23444 25057 
1790 23030 24068 20988 
1791 24765 24324 24186 23756 
1792 23756 25072 
1793 22552 24226 24804 
1794 24068 24763 23357 
1795 24763 
1796 23322 
