1 15810 15796 15578 15699 
2 10104 12408 15706 10042 
3 12246 15716 10289 13960 
4 15277 15512 14483 15328 
5 15598 10391 15699 14861 
6 15342 10596 12964 15780 
7 15192 10585 15780 14043 
8 10373 15780 14036 15755 
9 15726 10480 15632 15729 
10 10161 13955 14578 13107 
11 15600 14043 14603 15780 
12 10202 15280 15780 15280 
13 15712 13755 13755 
14 15511 13960 15190 15780 
15 10316 10396 15201 15780 
16 10202 15192 15780 15780 
17 10202 10588 15753 15780 
18 14081 15197 15197 15122 
19 15194 14021 10232 14043 
20 15208 15709 15563 
21 15192 14791 15780 
22 15744 15780 15786 15621 
23 10195 15780 14982 15818 
24 15196 10772 14626 15780 
25 15191 13955 14576 10290 
26 15115 15748 15780 
27 15710 15815 14036 15711 
28 15817 15135 10533 15780 
29 15118 15817 14373 15780 
30 14036 15454 15786 
31 10195 13340 15780 15780 
32 15137 15425 15780 14642 
33 15146 10532 15268 10232 
34 15760 14761 15534 15780 
35 13483 15780 15780 
36 10016 13761 
37 14605 14772 15762 
38 12871 10016 10016 13761 
39 13761 10016 13087 
40 12246 10016 15136 
41 14449 15608 15699 14642 
42 15705 10016 15700 15708 
43 13705 10016 15152 15378 
44 10016 14492 15269 15269 
45 15598 14978 13761 13761 
46 10016 15786 15628 15608 
47 10016 12408 15790 15096 
48 10016 13761 14806 13761 
49 15575 15427 15786 15608 
50 15448 10016 10016 15578 
51 15732 14520 15699 13761 
52 10016 15699 15703 14861 
53 15725 15545 15795 15793 
54 10690 12496 15699 15699 
55 10016 15700 15700 10232 
56 15418 10166 10588 
57 15228 14520 15776 15700 
58 15629 15698 
59 15744 15322 14238 15597 
60 15425 15812 14482 
61 10532 10604 15425 15512 
62 15748 14482 14238 12359 
63 12246 12408 15776 14432 
64 14205 12495 15597 
65 14622 14640 15722 
66 14578 13955 15743 15551 
67 15306 10166 10113 15456 
68 10373 13340 13755 15786 
69 15699 12408 14036 14520 
70 14793 15040 13345 13345 
71 15810 13755 14642 15551 
72 12408 15747 15511 14982 
73 15762 15564 14893 13345 
74 12642 15511 15511 
75 15214 10288 12408 
76 15190 15563 10289 15551 
77 10373 12495 13075 14692 
78 14677 10801 15808 14253 
79 15214 15728 15166 
80 10289 15757 12408 15166 
81 10103 12408 12408 14274 
82 14758 12408 12524 14870 
83 14793 10232 14376 15334 
84 12642 14036 14036 10232 
85 10289 15262 12408 14520 
86 14365 15600 12408 13977 
87 10202 10532 15795 
88 13996 13087 15808 12360 
89 15726 12051 15817 
90 14459 13755 15629 15136 
91 15119 15115 15808 
92 10594 14772 12408 15597 
93 10589 15759 14576 
94 15128 10194 13424 
95 10853 12408 10290 10533 
96 15196 15759 15456 
97 15748 14969 10042 
98 15163 10232 14992 
99 15623 13371 14861 
100 15381 15142 12408 15194 
101 10104 15140 15706 
102 15579 15118 15790 15790 
103 10194 15280 15742 
104 10853 15195 15563 13957 
105 10159 12408 13340 13340 
106 10532 12408 14432 14978 
107 15197 12052 15127 
108 15133 14603 12408 10042 
109 10531 12408 14036 10312 
110 15126 15190 10606 13957 
111 15800 15140 
112 14743 10313 10312 
113 15138 10289 15762 
114 10532 15145 10606 14454 
115 15110 15214 10003 
116 14355 10194 10606 14274 
117 15128 13774 15808 15456 
118 15125 10589 15564 14357 
119 10532 10232 13755 
120 15190 14238 14238 13561 
121 12021 10853 10853 10533 
122 15381 10532 12408 
123 15196 14578 10195 
124 15138 12964 12964 
125 15760 12893 14036 15140 
126 12359 15706 10313 14626 
127 15138 15760 13437 
128 13483 15110 15322 10042 
129 10531 10686 15140 14459 
130 15135 12408 12408 
131 15163 14576 15127 
132 15759 14374 14036 
133 12871 10578 10578 13957 
134 15196 12408 15564 10232 
135 15817 14642 15152 13437 
136 15531 15193 15166 10232 
137 10103 15705 15166 15166 
138 13297 12408 15818 
139 15125 14253 10596 15621 
140 10008 14238 14238 15328 
141 15381 12408 13774 
142 10585 10531 13957 
143 15119 13424 15563 15113 
144 10585 12408 15758 
145 10853 10853 15706 
146 15113 14576 12408 14642 
147 15191 15115 15570 
148 10312 15135 15564 15796 
149 15126 12408 15511 10042 
150 15140 10047 12828 
151 10532 15115 12408 10232 
152 10532 10853 15268 10003 
153 12408 15110 12524 
154 15382 15118 15403 15579 
155 15197 15118 15122 13957 
156 10531 10477 13087 15747 
157 14365 10479 15709 15122 
158 15563 15322 14791 15328 
159 14274 14520 13197 14718 
160 15136 15378 15379 13761 
161 14036 13761 15801 14791 
162 13761 13299 13761 13761 
163 15699 15748 13761 13761 
164 14625 15700 13761 
165 13761 14861 14520 14520 
166 15698 14520 14718 14718 
167 10374 15699 10311 
168 15427 15786 15748 14718 
169 10202 15304 15100 13761 
170 10801 14520 15699 13761 
171 13761 15807 15790 15790 
172 10374 14036 14861 10311 
173 14861 15776 15761 15608 
174 15575 15214 14036 15797 
175 15564 15511 14376 15749 
176 12495 14620 10604 
177 14205 14207 15561 
178 14155 14238 14036 14375 
179 14036 13960 15750 15304 
180 12074 15778 14036 15813 
181 14155 15786 15808 14587 
182 14155 14758 14376 15632 
183 14435 15775 15597 14459 
184 14204 15168 15782 15782 
185 15699 10594 10594 14520 
186 10373 15004 10588 14761 
187 15778 14483 14021 14021 
188 12822 15730 15793 15793 
189 15262 15788 14982 15788 
190 10202 13277 14036 15597 
191 10202 14036 14043 14043 
192 14677 15760 13977 13977 
193 13344 15738 15628 15764 
194 15579 15561 14036 15334 
195 15385 12496 14036 10854 
196 10202 15193 14036 14806 
197 15760 10289 15136 15136 
198 14793 15237 14772 10316 
199 15382 15729 12893 14373 
200 10373 14036 
201 10686 10588 14374 14376 
202 13955 10589 15563 
203 15788 14374 15534 15534 
204 15192 15632 14520 15136 
205 10585 14043 15331 15331 
206 14036 15597 15698 14743 
207 15600 10391 15808 15277 
208 15190 15789 15817 
209 10257 15757 14940 14978 
210 14576 15734 15237 14923 
211 15728 10480 14036 
212 15199 14036 15623 10854 
213 10532 14036 14036 15801 
214 15796 15738 14622 14893 
215 10690 14870 10854 10854 
216 14036 12021 13345 
217 15208 10589 14036 15579 
218 10091 15133 10197 14603 
219 10531 15142 10290 15738 
220 15621 10531 15215 14274 
221 15534 15623 15632 
222 10158 15195 12964 15328 
223 15145 15192 14253 
224 10104 15144 15578 14870 
225 15598 14373 15322 14373 
226 13483 15115 14408 10197 
227 14036 15138 10313 10312 
228 10158 15611 15611 13957 
229 15133 15748 14483 10606 
230 15760 15118 10195 10853 
231 15128 14578 13755 
232 15193 15738 14036 15215 
233 15208 15146 10194 
234 15115 15119 10853 10533 
235 15769 15576 15136 15788 
236 15776 12301 12301 15812 
237 15730 15545 14622 13638 
238 15738 15782 15561 
239 15747 15734 10483 12054 
240 15190 15708 14520 10854 
241 12642 13345 14520 15628 
242 14793 15757 15796 14520 
243 13345 15191 14520 14614 
244 15191 14620 15760 14520 
245 15748 15753 13977 13977 
246 15228 14375 14375 14870 
247 10159 14520 15421 14520 
248 10160 14482 14408 14408 
249 15115 13371 13371 15707 
250 10104 10595 10195 10853 
251 15381 15138 15322 15166 
252 15122 14021 10195 15747 
253 15125 12964 12964 10042 
254 14043 10532 10102 15110 
255 15145 15747 15747 14520 
256 15229 15699 15795 14979 
257 15767 15797 14861 14274 
258 14861 15628 15763 10311 
259 15460 12359 15597 15799 
260 14620 14622 14640 
261 14861 15427 15608 15608 
262 15561 14677 10032 15597 
263 15767 15563 15797 15797 
264 10594 15421 14861 
265 15262 15705 15551 13344 
266 14576 15786 14578 15277 
267 15564 15776 14861 12524 
268 15322 13563 15771 15579 
269 15726 15342 15342 10477 
270 14861 15427 15817 15427 
271 14861 15322 10606 15786 
272 15534 14459 14870 15709 
273 13483 15759 15808 15621 
274 15144 10195 14483 15799 
275 15133 14603 15707 
276 13774 15597 15597 15576 
277 10194 15118 15564 
278 10596 15192 15629 15735 
279 15118 15322 15237 15703 
280 15796 15570 14982 15777 
281 10531 15796 15796 14893 
282 10091 14861 10533 
283 15382 15142 15268 10533 
284 15598 14982 14861 15159 
285 15126 10532 15703 15796 
286 14449 13859 10232 15136 
287 10391 12054 
288 12246 13996 13755 14373 
289 15722 14482 14482 15136 
290 10391 15628 15762 15585 
291 15727 15716 14444 15716 
292 15808 15342 15632 10482 
293 15729 15193 15136 15136 
294 14982 15136 15698 15763 
295 10533 14408 15760 15136 
296 15728 15192 10091 10102 
297 10532 15735 15629 15136 
298 10158 15817 15811 15136 
299 14274 15196 15194 15136 
300 15629 14603 15127 14274 
301 15760 15769 15576 15159 
302 15628 15454 15629 15629 
303 15307 15714 15698 15799 
304 15228 15761 15698 15597 
305 14205 15214 15214 13297 
306 14238 14385 15698 15762 
307 14207 14205 15597 
308 14385 15776 15817 15119 
309 15598 14207 15776 15788 
310 14207 15040 10531 15596 
311 15306 15698 15628 15628 
312 15307 12246 15214 15214 
313 15459 15698 15761 15796 
314 15776 15725 15724 
315 12246 14483 15698 14991 
316 15229 14677 13755 
317 15776 14205 12524 12524 
318 15322 15714 15269 14073 
319 14207 15698 14578 14806 
320 14891 14793 15425 12822 
321 15152 15698 15797 
322 14605 14435 15517 14435 
323 14620 15698 15755 
324 15761 15764 15698 15702 
325 15545 14449 15698 
326 15714 15208 15208 15152 
327 14449 15786 15608 15608 
328 15578 15759 15628 15628 
329 14578 15628 15698 15628 
330 14203 15761 15040 15799 
331 15306 10585 14444 14446 
332 14606 14432 15420 15817 
333 15545 15698 12021 15512 
334 15307 15715 15698 15322 
335 15322 15698 15753 13977 
336 15322 15706 15709 13424 
337 14207 15761 15040 15040 
338 14385 15752 15304 15752 
339 10391 15698 12054 12054 
340 15016 15761 15040 15762 
341 15726 15208 13755 15801 
342 15322 13075 13075 
343 14793 15040 13299 
344 15698 15208 14238 15788 
345 15529 15196 12909 10232 
346 10532 14355 14021 15401 
347 15229 15698 15747 15747 
348 15623 15709 15709 12359 
349 15016 15197 15799 
350 15728 15698 13297 
351 14365 10194 15743 15628 
352 14204 13955 15040 
353 15385 15698 15698 14806 
354 10008 14355 14356 
355 15425 15698 14274 10290 
356 15152 15166 13774 
357 15382 15729 15698 
358 15762 12893 15698 15419 
359 10159 14578 14578 15331 
360 10532 15237 15564 
361 15138 15425 
362 15817 15145 15796 15621 
363 15196 15128 
364 15126 13087 13088 
365 15551 14374 14791 12359 
366 15138 14021 15534 15427 
367 10103 10853 15328 15781 
368 15563 15128 10477 15801 
369 15710 15135 15628 14568 
370 15459 14806 15699 15758 
371 15748 13087 10316 10316 
372 10853 15262 15699 15802 
373 15771 10195 15100 13957 
374 15769 15795 10531 15040 
375 14375 14758 15100 15100 
376 15168 15624 15596 15795 
377 15814 12301 10396 10396 
378 14234 14033 14791 
379 15797 15813 15265 14043 
380 14203 15436 15436 15215 
381 14155 15706 14791 15597 
382 14203 15797 15403 15772 
383 14203 15752 15403 15261 
384 15545 10288 10288 14791 
385 10482 10483 10772 14791 
386 15304 15578 15419 14791 
387 15313 15730 13299 14791 
388 10531 13345 15628 14791 
389 14791 15763 14982 15280 
390 10202 14791 14791 15752 
391 15600 15534 12893 14791 
392 15761 15747 15763 14791 
393 10047 15704 10042 15401 
394 14622 14791 13297 
395 14791 13483 10194 15113 
396 10161 10853 10853 
397 15381 15811 15815 
398 10853 15403 14791 15421 
399 13997 14791 15534 
400 15322 14068 15808 
401 15623 14576 14576 
402 13299 15436 14806 15579 
403 15729 15208 14806 14806 
404 15228 14625 15456 10854 
405 14806 14677 14642 
406 15728 15800 15800 
407 15228 15598 
408 15792 14614 15810 12074 
409 15797 15193 15334 15334 
410 15427 10690 15334 12074 
411 10003 12828 14482 15334 
412 15418 15800 15702 15702 
413 15789 15578 15738 15578 
414 14203 15334 15040 
415 15728 15385 13755 15328 
416 13996 15193 10257 15702 
417 12495 15570 15579 15334 
418 13483 15766 15334 
419 13277 12496 15702 15702 
420 10009 12822 15328 15403 
421 15193 15403 10606 15709 
422 10102 15144 12828 15403 
423 15229 15579 15551 
424 15725 15575 15761 15702 
425 15229 15702 10369 
426 15797 15040 15702 15702 
427 10373 15040 15702 
428 15208 10288 10289 15304 
429 10396 12301 15201 14893 
430 15418 10003 15379 15379 
431 15705 14940 10083 10083 
432 15420 14081 15808 15215 
433 15229 13437 15786 10003 
434 10008 15703 15703 10166 
435 10532 10047 15628 15628 
436 10316 15753 14408 10854 
437 15600 15814 12909 10003 
438 10008 15322 12909 15628 
439 15016 10003 10003 
440 15382 10589 15753 15781 
441 15551 15511 
442 15146 10003 12871 12361 
443 10003 10853 15421 15708 
444 15197 10479 10003 13960 
445 15193 10091 10533 
446 15142 10532 15742 
447 10091 15142 15140 10003 
448 15796 15115 14357 
449 10160 10533 15215 10003 
450 15126 10531 15159 15818 
451 15600 15115 13424 
452 14793 15736 12893 15756 
453 15621 15534 14587 12360 
454 14274 14893 14444 10042 
455 13087 10589 10316 15608 
456 15168 13484 15190 10042 
457 15190 15629 10042 13638 
458 15215 10042 15707 12828 
459 15418 15214 10113 
460 14081 15199 10396 13437 
461 15152 14376 15748 14625 
462 15425 13955 13957 15791 
463 15624 15576 15576 10042 
464 13088 15632 12828 10042 
465 15728 15579 15579 12524 
466 15194 10289 10047 10290 
467 15193 10531 10596 10042 
468 10531 10197 15144 10042 
469 15511 12021 10853 
470 10853 15563 10290 10042 
471 14642 12828 10047 15704 
472 15575 15703 12828 12074 
473 15732 15759 10047 15770 
474 14759 15419 15808 15563 
475 10047 13561 14740 14091 
476 15575 15575 15579 13755 
477 15769 15511 15511 15790 
478 14606 14677 14772 15753 
479 10595 15576 15796 12828 
480 10047 15632 15730 15356 
481 13087 13088 10047 15738 
482 14204 15199 15199 12828 
483 10008 14432 14432 14614 
484 15228 14355 15747 
485 15528 12524 15762 15704 
486 10009 10047 12828 15379 
487 15731 10532 15725 10316 
488 10104 15331 15331 12828 
489 10257 10588 14375 10854 
490 10480 10290 10533 14870 
491 13955 13483 10195 
492 15159 10047 10197 14642 
493 15709 15551 12359 14642 
494 15425 15096 10232 
495 10103 15531 12126 12361 
496 15722 14253 12828 15166 
497 10477 15193 14483 
498 15382 10047 13087 
499 10047 12828 10257 15709 
500 10853 15760 15534 15709 
501 10479 15196 15195 
502 15125 15193 15818 
503 10194 10047 14743 
504 15342 15110 15265 
505 15382 15708 15146 
506 14068 15401 10083 15401 
507 13087 15512 10083 10083 
508 14376 14940 15704 10083 
509 14238 15703 15427 10084 
510 15229 13996 10589 10084 
511 13996 15420 14375 13774 
512 10690 13344 15815 13344 
513 14793 14376 15436 12828 
514 15381 13774 13774 14043 
515 15193 10578 15747 15747 
516 13088 13996 12074 12074 
517 15198 15188 15709 13088 
518 14386 13484 14376 15215 
519 14385 13424 15776 13424 
520 10009 13955 14578 10853 
521 15808 13087 13088 15393 
522 15322 15268 15268 15771 
523 15128 15748 10533 15421 
524 15125 10594 14238 15779 
525 15342 15133 13088 
526 10102 10595 13088 10853 
527 15190 15789 15578 15578 
528 15578 13774 15747 10194 
529 15598 13088 14940 
530 10103 10595 10594 14373 
531 15753 10532 15705 14576 
532 10008 10195 13088 
533 15137 15623 15789 15194 
534 14505 14940 
535 14625 13563 15152 15450 
536 15229 10588 15163 15704 
537 15228 15425 15808 15421 
538 10161 10606 15159 14940 
539 10257 14374 14940 14940 
540 15127 15781 14614 14940 
541 14969 15753 10369 10232 
542 14772 14374 14870 15704 
543 15307 15748 14969 
544 15753 14969 10312 14408 
545 15127 14483 15564 10197 
546 15192 15623 14969 14969 
547 15135 15191 10195 14969 
548 15575 15570 14982 15378 
549 15511 14238 14376 
550 10257 10588 12909 
551 15378 10480 12051 15534 
552 13996 14622 15632 15427 
553 15600 15342 15197 15378 
554 13483 14772 15378 
555 15781 15598 15146 15378 
556 15379 15632 10604 10801 
557 14891 14793 15814 14505 
558 10113 15194 15194 15704 
559 14614 15420 15421 15708 
560 15313 10113 14482 15420 
561 15575 15379 14238 15797 
562 15379 10804 14772 10801 
563 14021 15419 15534 15747 
564 10159 12909 14614 15328 
565 10596 15759 14408 
566 10202 10482 15421 14021 
567 12496 15734 15420 13561 
568 10166 15548 15549 14870 
569 10104 15419 14576 
570 15419 15742 15735 15742 
571 15110 15419 15753 
572 10103 15420 10531 13997 
573 15748 13484 15421 12054 
574 15732 10531 15731 15731 
575 10008 15715 15421 
576 13345 15761 15551 14408 
577 10854 10854 15707 
578 10167 10479 13299 12051 
579 15748 10589 15421 
580 15632 15757 14978 14978 
581 14605 14677 15817 15817 
582 15040 15732 15748 14274 
583 13996 13996 13424 15269 
584 15723 12822 10113 
585 15575 15762 13960 15799 
586 10008 10606 
587 15418 15714 14356 15817 
588 15723 14622 14620 10801 
589 15331 15812 15198 15201 
590 15228 13297 15561 15796 
591 15381 15789 
592 10482 10483 15703 15534 
593 10103 14483 13997 15801 
594 15600 15425 12052 15703 
595 15126 15703 15708 
596 15385 15133 15705 15703 
597 14759 15791 15704 15764 
598 14677 10257 15781 15534 
599 15781 10532 15789 
600 10853 14043 15704 15815 
601 14891 14432 14505 14505 
602 15144 15298 13977 15705 
603 14605 14033 10102 15166 
604 12642 10102 15456 14274 
605 10008 15735 12524 
606 10009 15624 10316 14459 
607 15732 14482 12054 12054 
608 10804 14677 14356 
609 10804 14677 13997 13997 
610 15727 10288 15812 15201 
611 10167 15600 10854 
612 10009 15711 15710 15215 
613 10009 12909 10588 15815 
614 15726 13955 15706 
615 10009 15197 15729 15512 
616 10008 15331 15331 15735 
617 14793 10588 10588 
618 10804 15776 15729 15775 
619 12642 13344 13345 10102 
620 15531 14430 14923 
621 10009 15734 15096 15328 
622 10008 10290 15427 15427 
623 10533 10482 14979 14614 
624 15726 15191 13299 15801 
625 15727 14432 10232 
626 14677 14740 13859 15708 
627 10009 10531 13344 15628 
628 10202 13277 14207 14207 
629 14793 10316 10316 14926 
630 10091 10102 10195 10194 
631 10008 15192 13340 13340 
632 10008 15208 15817 15811 
633 10194 14021 15159 
634 12052 14743 10195 
635 10091 10232 15753 10606 
636 10103 10532 15331 
637 10104 12021 13340 15110 
638 10103 15127 12361 14408 
639 10102 10531 15144 14626 
640 15530 14482 14459 
641 15529 14482 15166 10533 
642 10533 15818 15563 15122 
643 10008 14408 15144 
644 10008 10533 12361 15119 
645 15128 15192 13437 10533 
646 15115 12524 12524 14743 
647 15208 10161 10596 
648 15137 13955 
649 15192 12964 13437 15113 
650 15757 15563 15563 
651 10008 15192 15551 
652 15126 14992 14043 14043 
653 10091 15268 15119 15709 
654 15381 15191 15127 10533 
655 15137 15191 15706 
656 15126 15145 15146 15623 
657 15382 10396 10288 15818 
658 10091 15268 15579 15578 
659 15125 15623 10197 14626 
660 15331 15196 15194 15144 
661 15133 10531 15632 15140 
662 10195 13277 14587 
663 10009 13344 13345 15623 
664 10009 15776 15733 10173 
665 10091 15712 14614 15716 
666 10091 10104 10595 
667 15723 15732 10102 13340 
668 10009 15800 15800 
669 15197 10166 10167 
670 10009 13437 15712 
671 10532 10478 10477 14642 
672 10009 12964 12964 15793 
673 10009 10167 13297 14274 
674 15728 14068 15268 14373 
675 15600 15706 12359 12359 
676 12822 13299 13299 
677 10009 12495 10313 
678 15125 15196 10606 12361 
679 15529 15322 14626 15736 
680 10091 15195 12524 14373 
681 15528 15191 15214 14357 
682 15192 15142 15563 10194 
683 15137 15425 15342 
684 13774 13297 13774 
685 15382 15166 15237 
686 13483 10091 15722 15723 
687 15722 15724 10596 
688 15726 10532 10091 
689 15728 15196 15195 15456 
690 15623 10532 10091 
691 10091 15195 15146 15166 
692 15115 10533 10102 
693 15133 10102 13371 14253 
694 10102 10531 15799 10606 
695 10102 15193 15146 14454 
696 15306 14449 
697 15448 15100 15100 14432 
698 10103 15262 15096 15277 
699 10103 15748 10167 15722 
700 15726 14707 15810 14978 
701 15727 15261 13299 13297 
702 15306 10167 13299 15801 
703 15727 15331 14446 15815 
704 15726 10596 15729 15706 
705 15530 10104 
706 15742 15786 15265 15628 
707 10103 13755 13755 12524 
708 15728 14357 15632 14357 
709 10104 13955 15214 15747 
710 10167 10594 10594 
711 10159 15711 15122 10854 
712 15322 15744 15628 15791 
713 10103 14482 10686 15710 
714 10103 13755 15706 
715 15723 14982 15551 
716 10159 15711 14576 14576 
717 10160 12495 15198 15166 
718 10103 15531 14432 15786 
719 14204 15193 15786 
720 10104 15800 15800 15166 
721 10853 13424 15781 15146 
722 10104 10606 15623 15720 
723 10104 10533 15159 
724 15382 10532 10606 10772 
725 10104 15611 15808 
726 15710 15096 10853 
727 10103 12964 15706 14642 
728 15322 15208 15113 15119 
729 10104 15776 15817 12074 
730 10104 15722 10531 14992 
731 15726 12021 15789 
732 15576 15762 15215 15159 
733 15711 15128 15145 15195 
734 10853 15760 15709 
735 15342 12052 15781 15781 
736 15135 10533 10167 
737 15307 15714 15545 10396 
738 15714 15716 15632 15632 
739 12246 14482 15800 10311 
740 15192 14155 14761 15752 
741 10113 14033 10596 14505 
742 15418 10113 15776 14640 
743 14793 13299 14505 10113 
744 10113 15261 13299 14446 
745 14373 10113 15551 
746 15732 10113 10531 10533 
747 15418 15714 15716 14444 
748 15307 12246 15811 14821 
749 15734 12246 14614 15188 
750 10113 15716 14821 
751 15307 12246 15214 15214 
752 10113 10478 15561 15561 
753 15306 15732 15717 14642 
754 10113 15545 15716 15570 
755 15722 15724 13299 15280 
756 10113 15723 14482 14373 
757 12246 15262 14373 
758 12246 10477 15800 15793 
759 15307 15342 15342 15801 
760 10167 10113 10531 10533 
761 12822 14677 14772 15775 
762 12246 15713 15713 15277 
763 12246 15331 14642 14991 
764 15722 15545 15716 15716 
765 12246 15548 15549 13638 
766 12246 15716 10477 13960 
767 12822 15715 15723 14991 
768 15306 10166 10167 15712 
769 10161 10391 10854 
770 10158 15313 15808 15808 
771 15015 13299 14446 14446 
772 15306 15715 14482 15817 
773 15716 15545 15331 12126 
774 14033 14234 14432 14432 
775 14444 14640 15425 14492 
776 13774 14444 
777 10373 14449 15427 
778 15715 14444 15427 15716 
779 15313 14043 10578 
780 10166 15716 14482 15328 
781 15331 14446 14444 15632 
782 15715 14446 14444 
783 15313 14444 12053 12053 
784 14365 14444 14444 15712 
785 15306 15730 15789 14446 
786 15313 14444 14444 14446 
787 15313 10166 15712 15549 
788 15530 10588 14444 15214 
789 15307 15716 13299 15261 
790 10159 14444 10854 10854 
791 15728 12893 12893 15788 
792 15716 15776 14614 14446 
793 15722 14446 13344 13345 
794 15732 14446 15166 15721 
795 14446 14620 15769 14620 
796 15306 10477 12871 15791 
797 15727 15313 15716 15561 
798 15729 15715 10801 15813 
799 15322 15712 15712 14640 
800 15528 10594 12964 
801 15727 15714 14482 14821 
802 15307 15545 14821 14430 
803 14793 15549 14821 
804 15732 15712 14356 15817 
805 15723 15715 14991 
806 15727 15776 14622 14893 
807 15228 13960 14622 10801 
808 15460 10690 14376 15287 
809 15228 15214 15579 15579 
810 10202 14365 15168 14207 
811 15460 15385 15725 15531 
812 15228 14483 15747 13997 
813 14234 14033 14483 
814 15152 14625 15578 15772 
815 14889 15517 15280 
816 15743 14677 15425 14662 
817 15228 13755 15100 15802 
818 13705 14622 14620 14620 
819 15015 13277 13277 15762 
820 15229 15767 15766 15767 
821 15228 13299 13755 14432 
822 15228 15810 10311 10311 
823 15168 10391 15197 15197 
824 15228 15771 15764 14926 
825 15459 13297 15796 
826 14204 14238 14238 15778 
827 14606 14772 15789 15788 
828 15198 10396 10396 15188 
829 10391 15734 15596 10396 
830 15228 15004 12524 14759 
831 15761 15575 15579 15796 
832 15776 15760 15759 15576 
833 15229 13297 13075 14772 
834 14677 14614 15808 14626 
835 15229 15759 13755 15735 
836 14043 15385 15796 15799 
837 12642 15801 15801 10686 
838 15759 15799 15799 15791 
839 12642 15813 14893 
840 12642 12893 12893 15799 
841 10202 12021 12893 
842 15265 15269 15511 15269 
843 15624 15191 15163 14923 
844 14365 15761 15623 13977 
845 10478 15208 15776 
846 15534 15328 13297 15570 
847 14274 15142 10606 
848 14483 12359 
849 15759 10853 15623 15623 
850 15126 15706 15706 15122 
851 14642 14576 14587 14587 
852 10195 15118 15113 15197 
853 15137 14356 10596 13437 
854 15208 15115 15815 10032 
855 15190 14454 14357 
856 10853 10197 10533 
857 10686 15789 15789 14707 
858 15229 10801 10604 14893 
859 15229 13997 15576 15576 
860 15229 15119 14620 13755 
861 15624 15425 15425 15401 
862 15561 14205 13297 12871 
863 15229 15575 15770 14707 
864 15229 15624 14207 14207 
865 14207 14205 13297 13297 
866 10374 15578 13297 13297 
867 10373 15778 12074 12074 
868 15459 14207 14626 14207 
869 10290 14982 15576 15764 
870 15759 15237 15237 14454 
871 10195 14578 15760 15766 
872 10532 10585 
873 15237 15140 14642 10533 
874 10197 10391 15629 15742 
875 15127 15706 14483 15799 
876 15119 10290 10288 15140 
877 15623 13340 15534 
878 15306 15713 15745 15712 
879 15732 15331 15331 15713 
880 15715 14068 
881 15714 13299 10531 13638 
882 15306 10166 14642 14642 
883 15306 15511 15511 15712 
884 15307 15545 13299 15799 
885 15306 14622 14640 15731 
886 10594 14432 14758 14432 
887 15306 15717 15786 14626 
888 15729 15716 15716 
889 15306 15628 15716 15716 
890 10166 15193 15817 15817 
891 15307 15786 15716 15786 
892 10166 10596 15712 
893 15575 15759 15570 15712 
894 14043 15193 15237 
895 15726 13344 13344 
896 15726 15193 13774 15729 
897 15307 15707 15707 15709 
898 15313 12496 15298 10854 
899 10160 15714 12893 14576 
900 15307 14482 14482 14408 
901 14430 10532 10166 15725 
902 10160 15715 10288 15214 
903 15331 10396 10396 12524 
904 15307 14772 15716 15716 
905 10160 12361 14576 15706 
906 15313 15331 13774 
907 15307 15714 13299 15215 
908 15813 15715 10579 
909 15726 14482 14373 14743 
910 15313 14890 14890 
911 14605 14677 15799 15817 
912 15418 15331 15716 15802 
913 15727 15313 13299 
914 14205 15817 15817 14207 
915 15517 15313 15736 14505 
916 15313 14640 14640 15813 
917 15727 15800 14761 14761 
918 12822 15529 15531 10232 
919 10166 10479 15716 15215 
920 15727 15715 
921 15193 14355 14356 15551 
922 14793 14232 14482 
923 15313 15722 13299 10533 
924 15528 10588 12909 10853 
925 15728 15725 10195 15166 
926 15528 12050 10316 15197 
927 15381 15262 12054 10483 
928 15381 10479 13075 
929 15381 15724 10166 15166 
930 15382 13437 10596 15166 
931 15711 15196 
932 15530 15791 15817 
933 15710 15146 15146 14060 
934 15208 10595 12964 15140 
935 15381 10532 15632 
936 14043 15191 
937 15381 15511 
938 10533 15342 12050 
939 15382 14238 15789 14587 
940 15128 12361 10533 
941 10772 12050 15127 
942 15710 14043 15144 14043 
943 14043 15194 15265 
944 15110 12871 12871 
945 15382 15110 15817 13437 
946 15710 15511 15623 
947 15710 15196 15706 15166 
948 14043 15817 15195 
949 15382 15776 10313 
950 15381 15193 10288 10290 
951 15381 15720 15720 
952 15208 15142 
953 15381 15191 12964 15745 
954 15382 15725 15237 10316 
955 15382 15138 12126 15195 
956 10158 15551 15563 14373 
957 14793 15711 15711 
958 10532 15730 15731 
959 15743 15280 15810 15280 
960 15040 13299 15753 15791 
961 15747 15512 14614 14707 
962 15418 15328 13299 10032 
963 15732 13955 15545 15152 
964 15418 15511 10582 10582 
965 15714 15732 14432 15725 
966 15732 13484 15328 15328 
967 14033 15732 15724 15725 
968 15801 15722 15262 15166 
969 10373 15790 15790 15512 
970 15732 15748 15152 10173 
971 15624 10316 15237 15733 
972 14375 15004 14642 14642 
973 15418 13563 14625 10369 
974 15449 10690 
975 15418 15815 13299 15716 
976 13955 15813 15813 10257 
977 15727 15714 10595 13437 
978 15261 15815 13299 15261 
979 14622 14620 15813 15214 
980 10772 10232 14978 15735 
981 15196 15549 15632 10232 
982 15763 15322 15742 15786 
983 10532 10606 15145 
984 10194 15142 13371 10533 
985 15152 15545 15733 
986 15545 15814 15716 15195 
987 10604 15714 15776 
988 15727 15716 14482 12126 
989 15728 10289 10289 14642 
990 15710 15711 10289 15710 
991 15710 15133 15789 15166 
992 14605 15712 15774 14982 
993 15778 15713 14870 15287 
994 15529 15713 15712 15709 
995 14365 15629 15608 15585 
996 15776 15632 14652 14652 
997 10801 13563 10484 
998 10160 15163 10531 15166 
999 14793 14578 13297 
1000 15528 15192 15214 
1001 15128 15191 15268 15758 
1002 15528 12021 13340 
1003 10853 10533 14374 14614 
1004 15191 15578 12126 15166 
1005 10158 15191 13437 
1006 10159 13340 15140 
1007 10312 15759 15564 15122 
1008 15600 15720 15720 14626 
1009 15530 15193 15551 15096 
1010 15191 14356 
1011 10158 15163 15163 
1012 14614 15781 15747 
1013 10853 15191 15720 
1014 15817 14587 12126 
1015 10197 13483 14373 
1016 10158 15118 15563 15788 
1017 15530 12893 14614 14614 
1018 10161 13955 15118 15762 
1019 15138 15193 15576 10197 
1020 10158 15144 15563 15709 
1021 10160 10195 15194 10853 
1022 13075 14870 14758 
1023 10374 15800 15800 15815 
1024 10531 15208 13344 13344 
1025 15529 15192 12359 
1026 10159 13297 15578 15578 
1027 15208 13955 14576 
1028 14772 10161 15808 14614 
1029 10161 13437 12964 15166 
1030 10531 15146 15268 14253 
1031 13277 14454 14454 
1032 15530 15192 10533 15100 
1033 10160 13075 
1034 10161 10478 12871 
1035 14482 10167 10482 10482 
1036 13483 10289 14408 
1037 10391 15776 14482 10173 
1038 15817 15342 15328 10173 
1039 15598 14483 
1040 15192 10595 10232 15597 
1041 10482 15731 15356 
1042 15529 10288 10289 10288 
1043 15529 10480 15195 15195 
1044 15529 15191 15425 
1045 15528 12909 13997 15531 
1046 15530 15195 15194 
1047 15776 15110 15791 10197 
1048 15528 15192 10533 14626 
1049 12496 15623 10477 15764 
1050 10479 13075 15197 
1051 15531 15585 15585 14640 
1052 15530 12050 12051 
1053 10484 14365 12301 15531 
1054 15722 14692 
1055 15722 15730 14483 15534 
1056 15722 14274 15808 15401 
1057 15729 15722 15802 15793 
1058 15723 15600 12051 15623 
1059 15727 14677 10804 15788 
1060 15726 15600 15342 
1061 15724 10595 15730 13638 
1062 15724 14432 15214 15731 
1063 13563 14365 15756 15427 
1064 15727 14622 14893 14893 
1065 15727 14793 13299 15628 
1066 14772 15728 15040 14626 
1067 15728 14207 14207 10288 
1068 15193 15748 14982 14982 
1069 13955 14622 13299 
1070 15729 15192 
1071 15726 12822 13755 14743 
1072 15726 14622 14622 14620 
1073 15728 15623 10606 15709 
1074 15729 15168 15398 13772 
1075 15575 15576 14238 15797 
1076 15817 15732 15733 15733 
1077 13483 15732 10391 
1078 10391 12054 10483 10483 
1079 14640 14620 14492 15328 
1080 15570 15770 13371 15770 
1081 15190 14576 14893 10854 
1082 15237 13371 14253 14253 
1083 14206 15168 13977 13977 
1084 13996 14587 13107 13107 
1085 13955 13297 14408 13977 
1086 14203 14081 13977 15298 
1087 12642 15624 15298 13977 
1088 15761 15563 13977 
1089 14355 13977 15298 13977 
1090 14204 13955 13977 13977 
1091 15016 14081 15788 14375 
1092 14238 15298 13977 10606 
1093 13483 15298 13977 14274 
1094 15015 15425 14073 14073 
1095 14081 15168 15632 13772 
1096 14204 15759 14430 14073 
1097 15764 15579 15791 14073 
1098 13277 15788 14073 15427 
1099 14068 14483 15781 12053 
1100 15549 15600 15199 15122 
1101 13955 14253 15563 10853 
1102 13483 15208 15145 15799 
1103 15576 14356 15118 14253 
1104 14385 14365 15734 15298 
1105 15152 14677 13638 
1106 15800 15815 15802 13638 
1107 14603 15208 14758 13638 
1108 14761 15706 14870 14761 
1109 15015 14068 14692 10484 
1110 13955 10604 14652 14652 
1111 15706 12359 15721 15721 
1112 14578 14576 15709 15707 
1113 14021 14483 15778 12359 
1114 14578 13960 15709 15706 
1115 15757 15208 15706 15576 
1116 15261 15262 15706 13957 
1117 14578 15122 13345 13345 
1118 14374 15215 14992 15706 
1119 15706 12524 12524 10854 
1120 14677 15706 12126 12126 
1121 13277 15706 15576 15721 
1122 13483 15563 15563 
1123 15623 14576 14576 
1124 15706 15425 13424 
1125 15563 15138 15747 14459 
1126 15796 15214 15762 
1127 15137 15191 15760 
1128 15110 15190 12361 
1129 15135 15322 15706 
1130 10194 14576 15709 
1131 15760 15280 15706 15119 
1132 15709 15127 12361 12361 
1133 15126 13957 15706 14274 
1134 10531 15159 15788 15788 
1135 15575 14206 14206 15707 
1136 14375 12524 15709 15707 
1137 15040 13483 15564 15707 
1138 10804 14772 14772 15709 
1139 10853 14743 15707 15707 
1140 14793 10606 15708 
1141 15575 15759 14454 15788 
1142 14204 15119 14408 15708 
1143 13483 15708 15720 15720 
1144 15192 14642 15551 15708 
1145 10202 13277 14408 15709 
1146 10373 15709 14743 14743 
1147 15767 15385 12126 15709 
1148 14492 13996 15512 14497 
1149 15575 15709 15759 15749 
1150 15709 15790 15576 15578 
1151 14375 14578 14376 12360 
1152 10483 12054 10482 10482 
1153 15761 15511 15709 10579 
1154 14365 10594 12126 15534 
1155 14761 14238 15709 13437 
1156 15762 15788 15570 
1157 15197 15781 10686 15145 
1158 15575 15761 15280 14454 
1159 14355 15425 12987 
1160 14870 15769 15799 15799 
1161 15459 12495 15214 15040 
1162 15015 15738 14622 
1163 14203 14356 15096 15304 
1164 15016 12496 14238 15788 
1165 12642 15632 14870 14357 
1166 14356 10288 10289 
1167 10373 10585 
1168 15196 10585 15195 
1169 14355 15759 14603 15791 
1170 10257 14355 14375 14992 
1171 14793 15425 10289 
1172 14772 14375 10594 15287 
1173 15761 10588 15629 
1174 15163 15511 15807 
1175 10804 12495 15511 15744 
1176 12642 14355 14576 14576 
1177 15762 12893 15551 10854 
1178 14482 15328 15799 
1179 10585 15549 15342 14357 
1180 15788 15579 15629 
1181 14355 15322 10531 14707 
1182 15190 15796 14772 
1183 14238 14408 15534 15551 
1184 10202 15342 15342 
1185 14355 15776 14482 15551 
1186 15197 14206 15812 
1187 15199 15735 15788 
1188 15600 15040 15214 
1189 15016 15198 10482 10482 
1190 14365 14355 15817 
1191 15128 15192 
1192 14385 12021 13340 15127 
1193 13955 10531 
1194 15194 10194 13297 14603 
1195 15137 13955 15762 
1196 15761 14238 
1197 15760 15138 15265 10232 
1198 15137 15425 15628 
1199 15125 10532 15564 13957 
1200 15759 14355 15628 
1201 15192 10477 14356 14274 
1202 15135 14355 15214 
1203 15342 15138 15611 10194 
1204 15796 15767 15576 
1205 10585 14356 15127 
1206 15142 15262 15818 15597 
1207 15137 14355 15760 
1208 15128 10532 12964 13957 
1209 13483 15760 15760 
1210 15135 15194 14459 10533 
1211 15759 13424 14982 14982 
1212 14605 14356 14357 14505 
1213 12495 14356 14576 15040 
1214 15813 15769 15280 15280 
1215 13563 15799 14356 13755 
1216 14207 15168 10531 14357 
1217 14793 15814 15425 
1218 14207 15561 15770 13297 
1219 14204 13955 12893 15597 
1220 12642 14356 10313 15534 
1221 14793 15564 13297 15597 
1222 10585 15145 15623 
1223 14357 14640 15756 14492 
1224 15015 15237 15436 14357 
1225 15190 10232 10313 10313 
1226 13483 10195 13297 14357 
1227 10194 15196 13957 14357 
1228 14578 15564 14238 14982 
1229 14889 15597 14982 14432 
1230 15016 14982 15168 15596 
1231 14982 15436 15789 15791 
1232 10373 15752 14386 14982 
1233 10585 15759 15796 13297 
1234 15769 15511 15767 14982 
1235 10585 14021 14021 10686 
1236 10257 14982 10772 10686 
1237 15737 15632 14982 
1238 10804 14982 13755 
1239 15575 14982 15597 15159 
1240 10853 15759 14238 14982 
1241 10594 10532 14982 15744 
1242 10596 10853 10533 13277 
1243 15040 15597 15576 15040 
1244 15448 15748 15748 14430 
1245 14385 14677 15799 15799 
1246 15597 13277 15799 
1247 14889 15776 14432 14432 
1248 15016 15597 15597 15561 
1249 15016 14482 14482 15597 
1250 15016 14386 15597 15534 
1251 14204 15796 14454 15597 
1252 15761 15190 15456 14274 
1253 15818 13755 10032 15534 
1254 12642 10396 15198 14603 
1255 15168 14677 15040 
1256 15624 10391 15168 10396 
1257 15322 15322 15322 15608 
1258 15331 15201 15201 15812 
1259 14385 13484 15748 15287 
1260 14605 15598 14238 14505 
1261 14365 15198 12301 12301 
1262 14205 14793 15776 14707 
1263 14365 15198 15735 14492 
1264 14772 14365 15808 14505 
1265 14365 10396 15201 15781 
1266 10801 14365 14893 15199 
1267 14365 10396 14386 15596 
1268 14081 10391 15425 10396 
1269 12051 14365 15198 15551 
1270 14203 14207 14207 15570 
1271 12909 14365 10482 10482 
1272 14365 10396 10396 15201 
1273 10690 15237 14374 15735 
1274 15342 13277 14978 10854 
1275 12642 15761 10313 14459 
1276 10202 15600 10316 
1277 14081 15342 15342 12361 
1278 15197 15133 14587 14454 
1279 14365 15788 15549 15549 
1280 12909 10686 10531 10854 
1281 15598 15598 15096 15512 
1282 15126 10289 14483 15576 
1283 15600 14870 14375 14587 
1284 15133 12361 12361 14642 
1285 14365 10533 10232 
1286 15623 14483 15512 12359 
1287 15563 15135 10195 
1288 12495 15118 14373 10606 
1289 15126 15196 14459 14459 
1290 15133 15192 12050 
1291 15385 10531 15145 
1292 14365 10531 14587 15737 
1293 15198 13484 15188 
1294 15814 15198 12301 12301 
1295 15814 15198 10396 10396 
1296 15788 15198 14758 15188 
1297 15814 15198 12301 13424 
1298 15188 15199 10484 10579 
1299 15198 12301 15188 15188 
1300 15188 15600 15760 15791 
1301 15331 10391 10316 15512 
1302 15814 15734 15201 14614 
1303 10532 15791 15331 10482 
1304 14375 15598 15511 
1305 15598 15004 14374 14374 
1306 15015 15632 15789 15737 
1307 15598 15621 15797 13772 
1308 12496 14454 13561 
1309 10374 10690 15578 15578 
1310 15598 15770 15163 
1311 15598 10690 15788 10311 
1312 13484 15792 10369 15792 
1313 15460 14205 14206 14206 
1314 15015 15585 15762 15797 
1315 15598 15564 14483 15159 
1316 10533 10391 15735 15632 
1317 10595 10606 15760 15570 
1318 12642 15197 15808 
1319 10195 15753 15753 13345 
1320 13277 15598 14772 13277 
1321 15016 10585 15760 15551 
1322 10290 15192 13277 14206 
1323 15629 13277 14568 14992 
1324 15145 15598 15145 15159 
1325 15191 13774 13774 
1326 10195 15753 15753 10533 
1327 13483 14238 10478 14626 
1328 13483 15759 10578 10578 
1329 15734 15578 15201 15201 
1330 15734 12301 15201 15564 
1331 14203 15734 10391 15201 
1332 15734 10289 15781 14626 
1333 15734 15198 15201 15201 
1334 15734 10497 10484 10484 
1335 15448 15796 15578 15770 
1336 10391 15734 10483 12054 
1337 10391 15734 15198 10483 
1338 15600 10396 15534 12524 
1339 15322 15734 15623 15611 
1340 10202 15578 15789 15197 
1341 15760 15734 15214 
1342 12496 15197 15342 
1343 15201 10595 10396 10396 
1344 13075 15198 15814 15814 
1345 15600 15814 15199 
1346 10391 14772 14432 15214 
1347 15280 15575 15214 15214 
1348 10202 15214 
1349 14677 12496 15736 15214 
1350 15208 15265 15265 15799 
1351 14793 15600 15342 10316 
1352 10585 14642 14642 
1353 13483 15563 14238 
1354 13483 13075 12909 
1355 15125 14576 15214 10533 
1356 10316 13563 14576 
1357 10289 10686 15781 15215 
1358 13277 12021 15585 15215 
1359 14870 15385 14614 14614 
1360 14793 14432 15425 
1361 15125 15760 15163 15215 
1362 10480 15812 15096 15632 
1363 14203 14081 15791 15632 
1364 12642 14375 15632 15632 
1365 15575 15561 15632 15807 
1366 13955 14576 15758 14021 
1367 13483 10595 10596 10533 
1368 10595 10531 15632 
1369 15125 10312 10312 15788 
1370 10195 10589 15632 
1371 10479 15192 13774 14740 
1372 10686 15146 15146 13561 
1373 14204 14677 15752 14432 
1374 14603 14614 10032 10032 
1375 15137 10596 10596 14459 
1376 10194 10595 15195 15140 
1377 15760 15191 15195 12361 
1378 12021 15128 15808 10194 
1379 13483 14454 10478 
1380 10195 15777 15100 15100 
1381 10195 10594 14642 
1382 14375 10589 10195 10854 
1383 13483 15115 13075 
1384 10195 15342 15781 
1385 15125 14870 10606 14454 
1386 10195 15118 15563 14870 
1387 13483 15196 15534 
1388 15623 15135 15113 15578 
1389 15113 15623 10195 
1390 10853 15760 13437 
1391 13483 15193 15280 10533 
1392 15142 15511 15551 15456 
1393 15193 10195 15579 
1394 15196 14483 15563 10312 
1395 10197 10257 14870 10197 
1396 15623 15193 10533 
1397 15551 15144 15743 15744 
1398 13483 15138 15113 15195 
1399 10585 10477 10197 15194 
1400 10202 14206 15800 15802 
1401 14386 15040 15561 
1402 14385 14640 14640 15199 
1403 14203 14207 14207 15752 
1404 13277 14578 13299 
1405 14204 14081 10032 15261 
1406 14386 10589 15195 15398 
1407 13277 15398 15398 13772 
1408 15759 15764 15585 15764 
1409 12642 15304 15304 15166 
1410 10202 15237 15197 10316 
1411 12642 13955 15122 
1412 10202 15759 10289 
1413 10202 15385 15287 14375 
1414 10202 13075 15199 15786 
1415 12642 15196 15756 14568 
1416 12642 15199 14238 15534 
1417 10202 14576 14576 15304 
1418 14677 15268 15551 14772 
1419 13277 15600 14482 15781 
1420 15743 10853 15611 14603 
1421 10202 14274 15760 15564 
1422 12642 14992 15564 
1423 10804 14772 14772 14432 
1424 15570 15115 13774 14454 
1425 12642 15159 15744 15628 
1426 13277 15761 15425 15456 
1427 13484 13297 15166 
1428 12642 15277 15277 15277 
1429 14205 13277 13340 15322 
1430 12642 15766 15766 15766 
1431 12642 13484 15040 15561 
1432 12642 15799 15159 
1433 13277 10391 15237 
1434 12642 15197 14482 
1435 12642 10686 14432 
1436 14081 15199 15551 15551 
1437 13277 15197 13075 
1438 15016 13997 14483 15096 
1439 12642 15237 15040 
1440 12642 14081 15534 
1441 14204 14081 10396 15122 
1442 12964 15808 15808 15328 
1443 15576 15761 15755 15756 
1444 13277 14386 10396 15398 
1445 13277 15808 15791 15747 
1446 15766 15762 15576 14250 
1447 14677 13483 15237 15579 
1448 15759 15748 15570 15576 
1449 15195 15623 12909 
1450 15137 15208 15144 
1451 15137 13955 10313 
1452 13297 15196 15127 
1453 15138 10532 15621 
1454 10853 10589 15623 14587 
1455 15125 14274 15563 
1456 15191 13075 12050 10853 
1457 10595 13955 15564 
1458 13424 10531 
1459 15015 10531 15201 15201 
1460 13484 10484 14692 14692 
1461 15015 15778 12074 
1462 15015 15427 15608 15608 
1463 15460 13484 14454 14454 
1464 13484 15425 15398 15201 
1465 15015 14205 15735 15735 
1466 15016 15585 15766 15797 
1467 15015 15190 15772 
1468 14206 13484 15201 15812 
1469 15015 13772 14207 13772 
1470 13484 10589 
1471 13484 15168 15755 13772 
1472 14081 15304 
1473 15016 13075 12909 14386 
1474 10690 13772 14274 
1475 10391 15600 15596 15596 
1476 15016 15454 15738 15806 
1477 14761 14375 15788 10484 
1478 14081 15748 15749 
1479 14203 10391 15201 15201 
1480 14203 15277 15456 15456 
1481 15208 15752 15752 13340 
1482 15789 15135 15551 
1483 15564 15110 14274 15119 
1484 15624 10391 12301 14206 
1485 14205 15624 14207 13107 
1486 15776 15564 15040 15564 
1487 14385 15600 15168 12360 
1488 15040 15575 15576 15576 
1489 14386 15304 15100 14707 
1490 14207 15199 15752 
1491 14207 15040 15425 
1492 15624 10396 15398 
1493 15624 14207 15752 15492 
1494 14207 12053 10391 15199 
1495 10374 14385 14603 15398 
1496 14385 15761 15796 
1497 14385 14893 15168 14620 
1498 15015 14978 14978 14568 
1499 14578 15119 14578 15119 
1500 15760 15191 15100 
1501 15769 15166 15815 15815 
1502 14234 15738 
1503 14759 15152 15166 15287 
1504 14605 14606 15817 15815 
1505 15624 15629 15277 15280 
1506 10585 15113 15118 15166 
1507 15743 15748 15168 15570 
1508 15776 10391 15199 15199 
1509 10531 15193 14642 15512 
1510 15277 15144 12909 
1511 15623 15776 12909 
1512 15575 15152 15576 15576 
1513 15624 15342 13075 14459 
1514 15748 14274 14923 10311 
1515 10804 14677 15736 15122 
1516 10232 10594 15786 15786 
1517 14677 10232 14408 
1518 14408 10232 10589 10854 
1519 15142 15262 13755 10232 
1520 15126 10606 14761 14642 
1521 15460 13297 15665 15237 
1522 15517 15736 13644 13644 
1523 14759 14376 15735 13644 
1524 10604 14793 15735 15665 
1525 14459 15755 14707 12074 
1526 14234 14793 15736 14432 
1527 15449 14432 15735 
1528 13997 15735 14375 14155 
1529 15736 15807 10032 15736 
1530 10257 14374 14374 15736 
1531 15142 15385 15551 14374 
1532 15621 15738 15761 15806 
1533 14622 15738 14459 15806 
1534 10604 10801 10801 15806 
1535 14482 12359 15808 15808 
1536 10804 15775 13344 13345 
1537 10257 15748 14625 14625 
1538 15621 10257 14432 10854 
1539 10686 15511 15163 13997 
1540 14677 13344 10686 13344 
1541 10257 13997 14274 10854 
1542 14793 10257 10257 15328 
1543 10257 15578 14375 14375 
1544 15511 10686 14375 10686 
1545 10257 10290 15753 15113 
1546 15563 13955 10257 14603 
1547 10686 14374 14483 
1548 13075 10686 15579 14374 
1549 13996 10479 10686 10686 
1550 15759 15511 15789 
1551 15460 15459 14408 15401 
1552 10690 15280 15436 10369 
1553 15743 15436 15786 10369 
1554 14759 10690 14376 15287 
1555 10690 10772 14375 10854 
1556 15287 15720 15720 14374 
1557 14375 14640 10854 14376 
1558 14374 15788 15549 15549 
1559 14374 12656 14483 14707 
1560 15385 14375 13755 15810 
1561 10596 13996 14483 15534 
1562 13996 10594 13437 15621 
1563 15771 13957 14978 15799 
1564 14374 13997 13997 10316 
1565 14155 14374 14870 14870 
1566 14759 14483 15512 15512 
1567 14155 14870 14375 15152 
1568 10804 14373 15145 
1569 14374 10595 10594 14376 
1570 15191 15459 14376 14374 
1571 12126 14568 14459 10854 
1572 14376 15564 14374 14374 
1573 15096 15096 15287 14376 
1574 14238 15769 14375 
1575 15385 14375 14614 14375 
1576 15621 15570 13340 14375 
1577 15758 15004 14759 15813 
1578 15782 14376 14625 10854 
1579 14605 15040 15425 15328 
1580 15152 13297 14870 14870 
1581 15534 15621 15570 15551 
1582 15748 15564 15570 10579 
1583 15600 14642 13344 15758 
1584 15512 14758 15749 15749 
1585 14758 15721 14926 15096 
1586 14870 14761 15159 15159 
1587 15190 15004 15796 14625 
1588 15575 13755 15152 15810 
1589 10316 15511 15808 14978 
1590 10373 15761 15277 15763 
1591 15128 15385 15096 13774 
1592 15578 15760 15551 15570 
1593 15628 15425 10588 
1594 15748 15788 15748 15788 
1595 15748 14439 14454 
1596 10374 14432 15190 
1597 15100 15778 15788 12074 
1598 10804 13075 15788 15788 
1599 14454 13957 15792 14626 
1600 14677 10595 15322 
1601 15322 14603 14238 10579 
1602 15764 15163 15611 
1603 15208 15755 14459 15753 
1604 10801 14893 15628 15628 
1605 15190 15436 15761 10578 
1606 10484 14692 14483 14692 
1607 15770 15767 15629 14707 
1608 10589 15628 15427 
1609 15796 15799 15576 15576 
1610 10374 15280 15799 15770 
1611 15774 13561 14740 15534 
1612 10374 15771 15762 15762 
1613 12496 15280 15790 14430 
1614 14772 14432 14432 14772 
1615 13955 15511 10594 15534 
1616 15262 13297 10290 15801 
1617 10531 10289 10290 
1618 15792 14923 10311 14430 
1619 15575 15759 10772 15763 
1620 14021 10772 14483 15747 
1621 12893 15196 15791 10772 
1622 10772 12964 13437 
1623 15268 15135 15755 15159 
1624 15791 15436 
1625 14992 15801 15511 15621 
1626 15782 10532 15110 15140 
1627 14992 15782 15790 
1628 15757 15262 13755 14992 
1629 15812 15163 10391 15201 
1630 10374 15575 10313 15766 
1631 10532 14274 15144 10313 
1632 15575 12361 10313 15763 
1633 10374 15512 15096 15096 
1634 15110 15237 15119 15122 
1635 14021 15808 10396 10396 
1636 15040 12495 15262 
1637 12964 15511 15564 15096 
1638 14793 14625 14772 10854 
1639 15125 12524 15563 
1640 10369 15792 15328 15328 
1641 15436 13755 15776 10369 
1642 13955 10484 14576 10484 
1643 15561 13299 13755 13960 
1644 15564 15208 10589 
1645 10479 15135 14274 14274 
1646 15196 15563 15564 10477 
1647 10482 14459 15791 14021 
1648 15790 15126 14626 15159 
1649 10374 13960 15436 
1650 14408 12893 15755 15159 
1651 15197 14274 14274 12126 
1652 10804 14232 14432 14614 
1653 14793 12909 13297 
1654 15748 15621 10589 15770 
1655 15194 10588 14587 15119 
1656 14978 15122 15808 14669 
1657 10532 15280 15790 
1658 15575 15425 15277 14978 
1659 15585 14978 15792 13345 
1660 10532 15791 15753 
1661 10532 15791 15753 
1662 12021 15191 15762 15621 
1663 15570 15764 15789 15764 
1664 15796 15761 15764 15802 
1665 10853 10596 15194 13437 
1666 12496 15576 14454 10854 
1667 10396 15201 
1668 13705 14793 14772 
1669 10374 15796 15761 
1670 15812 10391 12301 
1671 10391 14492 12301 12301 
1672 10391 15781 14692 10484 
1673 15459 15600 15199 10483 
1674 15749 15199 15812 15812 
1675 10804 14772 15199 
1676 12301 10484 10497 
1677 15769 15812 12301 12301 
1678 15190 15778 
1679 13299 15262 15262 
1680 15137 15191 14587 
1681 10531 10595 15140 
1682 15195 15198 15159 
1683 15196 15564 15564 14707 
1684 15196 10589 12909 10483 
1685 15196 10477 10477 
1686 15456 12050 12050 
1687 15201 15198 14483 
1688 10588 10483 15342 14021 
1689 15427 14587 10461 10461 
1690 14606 10804 13755 14274 
1691 10804 14772 14459 
1692 14483 14021 15328 15328 
1693 15764 15770 15621 15159 
1694 14439 12909 14021 14021 
1695 15570 15575 15585 15585 
1696 15142 10588 14483 15764 
1697 10477 10531 15096 14614 
1698 14603 15564 15100 15749 
1699 14677 15448 14505 14505 
1700 15813 12495 14620 
1701 15575 15762 15585 
1702 15761 10588 
1703 15575 15771 15578 15579 
1704 15761 15767 15759 15767 
1705 15761 15796 15759 
1706 14677 14432 15764 15796 
1707 15769 15813 15760 
1708 10804 15813 10801 15517 
1709 10804 15775 14622 14772 
1710 10804 14622 14640 14640 
1711 12822 14677 14772 14772 
1712 14640 14620 14893 10801 
1713 15774 14232 14890 14620 
1714 14060 13859 14625 14740 
1715 13859 13563 13561 13561 
