1 14238 10016 15574 
2 14612 10016 10016 13761 
3 14612 10016 14036 15139 
4 15629 15254 15628 14977 
5 12301 15602 10016 10533 
6 14865 10016 15533 15139 
7 13862 15555 10016 15254 
8 13077 13077 10016 13761 
9 10016 15559 13862 15254 
10 13277 15565 15526 15214 
11 15304 12408 13761 13761 
12 14234 14677 10016 15510 
13 15519 10050 13761 13761 
14 15306 14999 15556 13761 
15 15582 13761 15592 15584 
16 14467 13862 13761 13761 
17 10103 15537 15540 15540 
18 15589 15575 15570 15589 
19 13299 13862 15539 15166 
20 10016 13862 10016 12524 
21 15192 14362 15556 15555 
22 10373 10016 15254 14363 
23 15016 10016 14238 15555 
24 15229 15163 10016 
25 14432 14524 10016 14679 
26 15385 10596 13437 12964 
27 12642 10016 15555 15555 
28 10016 14432 10594 15469 
29 10016 12408 15555 
30 10016 10588 15533 15533 
31 12822 14432 14432 10052 
32 13859 14565 13563 15111 
33 15536 15559 14736 13322 
34 12408 
35 14278 15570 15576 15576 
36 15256 10532 14860 14860 
37 10032 15261 15006 15006 
38 15514 14845 14703 15621 
39 14278 10202 14207 15555 
40 14740 13578 14576 10313 
41 14375 14557 12964 13755 
42 14614 10197 15537 10396 
43 15558 15559 15613 14603 
44 13862 15322 14999 15574 
45 14375 12495 14982 10690 
46 13862 15540 15556 15540 
47 13862 12408 10595 10042 
48 14736 15256 14614 15122 
49 10578 15198 12054 12054 
50 12408 15556 15555 15555 
51 10532 10595 10594 15427 
52 13322 10257 13344 14557 
53 10596 10532 10533 15597 
54 15322 12408 10042 15378 
55 14791 12408 14170 15579 
56 14992 14374 15563 
57 12408 15427 15513 
58 15229 14860 12408 15240 
59 12408 15192 14189 10042 
60 12408 14081 15571 13977 
61 15623 13340 12893 12893 
62 10103 15425 14845 14362 
63 12256 15269 15269 15265 
64 14791 13548 14615 14036 
65 12408 15567 13548 
66 10009 12909 12408 15534 
67 14036 12408 13297 15469 
68 12408 12408 10531 12359 
69 14363 15197 14036 13537 
70 10595 14709 12408 15595 
71 12126 12408 14679 14363 
72 15307 14603 14557 
73 10588 15425 15322 
74 15040 10316 10483 14022 
75 15563 15163 15611 15166 
76 10585 15192 15005 
77 14036 15425 14392 14037 
78 15322 13424 13996 15215 
79 15145 15191 12408 
80 15137 15630 15630 14362 
81 15623 13537 13537 14969 
82 12408 15526 14362 14362 
83 10159 12408 14642 
84 10288 15145 13548 10042 
85 12408 13075 10533 10194 
86 10102 10578 10578 
87 13955 15154 
88 15128 14188 15511 
89 10532 14642 12408 13774 
90 10531 14791 10104 
91 10008 14043 15521 10194 
92 13297 15564 12408 
93 15526 12828 12828 15420 
94 15115 10595 15533 
95 10091 15195 15195 
96 12408 13548 10194 
97 10533 14189 10606 10606 
98 15140 15569 15532 15551 
99 15197 10479 15533 
100 15511 13437 15470 15470 
101 15110 15197 10288 
102 10158 12408 15146 15138 
103 15456 15269 14375 
104 10047 15135 12361 
105 15381 10531 15140 14139 
106 13483 15196 15566 15298 
107 15563 10594 
108 10008 13075 10195 15166 
109 15135 15403 14262 
110 10158 15195 14576 
111 15110 13997 15235 15532 
112 15569 14523 10232 
113 15128 15122 15632 
114 15568 10312 10313 14642 
115 15632 15569 14362 10042 
116 12408 15632 15598 
117 12408 15115 15140 14022 
118 15331 15148 10197 
119 15541 15191 12408 
120 10588 10531 
121 15569 15566 14642 
122 10008 15191 15146 
123 10532 14021 15533 14940 
124 15381 15148 15611 14860 
125 15623 15568 12408 
126 14365 10313 15565 15419 
127 14188 15566 14262 14262 
128 15194 13483 13537 13537 
129 14282 15578 14357 15470 
130 15551 10313 10312 14478 
131 15115 14355 12361 14170 
132 13537 10312 14791 14587 
133 14677 13997 14022 14021 
134 10113 14140 15546 13299 
135 15619 10531 15608 15609 
136 15519 15574 15006 15006 
137 10804 12822 13537 14505 
138 10588 10606 10166 10168 
139 13537 14238 14362 15139 
140 10316 15513 14884 14884 
141 12822 13322 13537 13537 
142 13297 15262 14037 14037 
143 14036 14362 14362 13537 
144 13955 14603 13297 15622 
145 10159 10047 15322 14987 
146 10008 13299 13537 
147 15229 14363 13537 14373 
148 15600 14612 14977 13537 
149 10589 13996 13996 14362 
150 15543 10533 13297 10606 
151 11890 14612 15166 13537 
152 13344 13537 15583 15583 
153 15582 13277 15563 13537 
154 14614 15237 13537 14845 
155 15215 15322 15563 
156 10161 14138 14982 15532 
157 14523 15197 13537 
158 14467 13344 13344 13537 
159 15568 13537 14170 
160 10772 15560 15560 14479 
161 15137 14188 14865 10197 
162 15146 13322 15537 10042 
163 15196 10588 13537 
164 15382 15551 13537 13537 
165 15125 14362 14362 15532 
166 15381 15147 15146 
167 10008 13537 10606 15560 
168 14576 15470 14036 
169 15191 12050 14022 13537 
170 15256 15556 15556 
171 14280 15556 15618 13761 
172 15558 14037 14860 13761 
173 14037 
174 14280 14999 13761 13761 
175 15214 15609 14362 14362 
176 13862 14189 13761 13761 
177 15015 15469 15621 15621 
178 15307 15545 14736 15256 
179 14205 14207 13862 15537 
180 14677 15536 14736 
181 15519 15539 10311 14140 
182 10290 13862 14373 14991 
183 15546 14140 10686 10194 
184 13299 14482 13638 15537 
185 14892 15192 15191 14614 
186 15307 14355 14355 13996 
187 12030 15313 13322 
188 10167 14987 14444 15538 
189 14467 15539 15539 
190 12256 15537 13299 15308 
191 12256 10595 10232 15511 
192 11890 13862 15534 
193 10772 15278 14642 14999 
194 10161 13862 10533 10051 
195 14138 14677 15597 
196 14467 15559 15560 15560 
197 13277 14432 15565 
198 15580 13345 15564 
199 10159 13862 15622 10579 
200 10161 10104 15586 
201 10103 15163 15163 
202 10102 10194 10533 14363 
203 15215 10532 10533 
204 15194 12893 15135 
205 14139 15192 15379 
206 14992 15148 15635 
207 15382 13862 13424 10578 
208 15126 15197 13548 
209 15575 15588 15589 14068 
210 14280 14759 14036 14758 
211 14278 15588 15554 15554 
212 14614 14565 15153 14982 
213 14036 14439 15154 14439 
214 14736 14036 15597 
215 15624 14207 15621 14036 
216 10373 15387 13755 13755 
217 14036 15618 14037 13638 
218 15559 15555 15567 15256 
219 15228 15580 15571 14036 
220 15519 10532 10531 13755 
221 10596 13437 10606 15456 
222 10585 15292 15292 14036 
223 14363 13340 14036 14036 
224 10202 10289 10289 14860 
225 14139 13955 15565 15154 
226 10532 14036 15214 
227 15523 15235 15522 14170 
228 13997 13345 14392 14374 
229 12909 15192 14679 14036 
230 10595 14779 14274 
231 10589 15322 15322 14036 
232 10589 14238 14036 14036 
233 15585 15580 14886 15597 
234 10585 14615 15254 14317 
235 15322 14392 15611 15611 
236 10579 14036 10480 15622 
237 10104 10531 15537 15122 
238 14791 15537 14139 14036 
239 15558 15005 14679 14036 
240 14036 13299 13755 
241 14036 10596 12964 15574 
242 15254 15513 14977 14037 
243 12021 15565 15565 14036 
244 14578 10594 14262 
245 10158 12052 14036 
246 15135 15567 15005 15111 
247 14188 15564 12361 12361 
248 15381 13955 14036 14642 
249 14036 15142 15566 10578 
250 15385 14791 14262 15628 
251 14865 15133 15587 15587 
252 15600 14253 14375 
253 15193 15269 14576 14603 
254 15623 13322 13774 14982 
255 15517 15229 13424 13755 
256 14362 15555 14362 14362 
257 15579 15592 15576 14362 
258 14703 15308 15284 14362 
259 14565 14588 14588 14930 
260 10596 15572 10042 14485 
261 12642 10478 14274 14362 
262 14282 14362 10594 10606 
263 10477 14523 14362 12524 
264 15612 14993 14703 14362 
265 15600 14365 15456 14362 
266 15113 10578 15111 14362 
267 15229 15115 15118 14362 
268 13774 14022 14022 14375 
269 15194 15127 15632 
270 14362 15625 15214 
271 14374 15523 14362 12359 
272 15133 15567 14170 10194 
273 15128 14138 14362 15292 
274 14759 14060 13561 14860 
275 14605 15512 15621 14615 
276 15591 15585 15578 13424 
277 10113 15533 15533 15533 
278 15262 10032 15261 15261 
279 15261 15262 13297 14363 
280 12495 14703 14363 12054 
281 14578 15534 10606 15534 
282 14679 14365 15536 15536 
283 14677 14432 15574 14615 
284 15040 15578 14363 15516 
285 13277 15214 15214 14363 
286 14679 15612 14037 15511 
287 10103 14482 15560 14262 
288 14355 10197 14363 14363 
289 10585 15632 15632 14867 
290 15600 14238 14557 14363 
291 10194 13075 15569 14363 
292 10532 13297 14363 
293 10008 15192 15635 14363 
294 10589 15145 14363 15580 
295 15565 15145 15526 14363 
296 13997 14880 14979 14979 
297 15543 14207 15166 14590 
298 15519 15545 15513 13299 
299 15228 15122 14485 14485 
300 14736 15256 15601 14860 
301 15631 13297 14860 14485 
302 14612 15580 15582 15579 
303 14706 14081 15578 14982 
304 10373 14860 14860 14860 
305 15623 13297 14860 15534 
306 15541 13345 15579 14170 
307 12256 10531 14867 14860 
308 12893 14703 14703 14170 
309 14081 10686 10257 14860 
310 15147 15192 14860 
311 15567 14253 15145 15524 
312 14234 13322 14188 14557 
313 15228 15534 14999 15534 
314 15015 15595 15168 14999 
315 15292 14392 15629 15629 
316 14205 14999 14999 
317 15198 15534 14999 14603 
318 10160 12909 13755 14999 
319 14155 14977 15139 15139 
320 14736 14845 14238 15574 
321 15307 15560 15308 13299 
322 10202 14274 15584 15584 
323 12828 15612 14614 12074 
324 14280 15582 15582 15254 
325 14155 15254 14615 12074 
326 15254 14285 14045 
327 14736 15254 15583 14188 
328 15538 10113 12246 14140 
329 10373 15254 15584 15631 
330 11890 14977 14977 15427 
331 14886 14886 14886 
332 15254 15578 15580 15578 
333 15543 15568 15568 15612 
334 15587 10532 15565 14375 
335 15558 15574 15621 15621 
336 15193 15254 15005 15005 
337 15254 13437 14890 
338 10160 15163 15163 14557 
339 15146 10595 10533 15635 
340 10104 15254 12021 12021 
341 15113 10595 10533 14373 
342 14155 14870 15554 14377 
343 14578 15378 14614 13996 
344 10373 15262 15561 10032 
345 15228 14584 14557 14485 
346 15262 13755 15622 15556 
347 15006 15556 14262 
348 13087 15556 15572 14374 
349 15382 15511 15556 15556 
350 15541 12301 10397 15055 
351 15545 15520 12246 15626 
352 15284 14140 14845 15513 
353 15449 14677 14170 14779 
354 10232 14703 15512 
355 15558 14791 15602 15602 
356 14677 10104 10104 15055 
357 15557 15256 15564 
358 15511 15564 15566 15566 
359 10102 10166 14791 15512 
360 15194 15564 15563 13977 
361 14203 15578 15579 15166 
362 14170 14791 14993 15163 
363 10091 15403 10050 10051 
364 15567 10686 10257 15403 
365 10160 15559 10578 15403 
366 14791 15526 15511 
367 15570 15425 15403 14375 
368 15144 14791 14791 
369 13483 14791 15403 15055 
370 15579 15122 14170 15126 
371 15128 14791 10194 14274 
372 15196 15563 14791 
373 13483 15191 15564 
374 14791 15138 15533 15524 
375 14791 15521 15571 
376 15194 15521 14779 
377 14791 15567 15470 15126 
378 15196 14791 14791 
379 15517 14736 14806 14524 
380 15513 14779 15570 14806 
381 13548 14170 15508 15532 
382 14465 10478 15520 14806 
383 14612 15631 14806 14806 
384 14612 14806 14806 15514 
385 14081 14365 14274 14806 
386 15579 14806 15584 14806 
387 15191 14478 14615 14806 
388 15541 14806 14204 10049 
389 15579 14806 15621 14274 
390 10202 15192 14576 14806 
391 15623 12496 14806 
392 10161 14189 15196 14806 
393 10113 14740 15403 15403 
394 15567 15403 15403 
395 15570 15403 15403 15580 
396 14356 
397 15110 10588 13548 15403 
398 15567 15551 15154 
399 10102 13483 15403 15403 
400 15448 15517 15517 13322 
401 15508 15509 14692 14692 
402 15448 14605 10606 15508 
403 14357 14155 14870 13299 
404 14436 14891 14992 15508 
405 15515 14615 14170 14170 
406 14612 14614 15427 15508 
407 15623 14992 13345 15508 
408 15570 14779 15579 15508 
409 15322 14987 15628 15509 
410 15629 14971 15509 15608 
411 15631 15055 15579 
412 15229 15515 12074 12074 
413 14971 10083 
414 10373 10686 15509 15509 
415 15168 15601 15617 15509 
416 15575 15592 15592 15592 
417 15541 14740 10042 10042 
418 14703 14238 15572 15513 
419 15519 10167 10042 10042 
420 10051 10232 10594 14979 
421 15567 13345 15215 13344 
422 12030 14465 15122 12256 
423 10167 10532 14940 10042 
424 10091 14282 15197 10042 
425 13483 10290 15215 10042 
426 15600 14612 14614 10197 
427 10585 15565 15565 10042 
428 14992 13344 13345 14374 
429 15322 10195 10772 10772 
430 15569 15133 10051 10042 
431 15137 13371 10042 
432 10009 10042 10042 
433 15137 15568 15470 10042 
434 15144 14576 10042 
435 12909 15110 15563 10042 
436 15137 10289 14576 15512 
437 15567 10578 15126 15126 
438 15137 15566 15122 14969 
439 10197 10042 10042 10042 
440 15147 15196 15533 15532 
441 15194 13483 10042 10195 
442 15563 14253 13371 10042 
443 15385 15569 15566 10290 
444 15521 15147 10578 10042 
445 15125 15197 15632 10042 
446 14557 14374 15598 15552 
447 15265 15269 13755 13755 
448 13087 10047 14615 15533 
449 15600 14467 10167 10167 
450 10047 15512 14940 15611 
451 14356 14189 15564 14587 
452 13087 15006 15631 10257 
453 10160 10194 10047 10197 
454 15541 15284 14377 14262 
455 14204 15398 12359 10232 
456 10532 14982 15378 15419 
457 15565 12495 
458 10049 10533 10533 
459 15560 14590 
460 14356 10047 10533 
461 15381 12021 12893 
462 15125 15425 14703 
463 15135 13955 15214 
464 10532 14189 15166 
465 10195 15146 
466 14203 10047 14021 
467 14565 15387 14615 
468 10373 12828 12828 15573 
469 10049 15193 15576 15571 
470 14969 14253 10049 14971 
471 14365 10051 14940 14615 
472 14677 14865 
473 15558 15536 14865 10052 
474 10049 14703 15122 12524 
475 15623 15193 15163 15163 
476 10585 15385 15598 10049 
477 13089 15598 15425 
478 10532 15322 15322 
479 12828 10596 15512 15127 
480 10050 10533 10533 15127 
481 10531 13089 10049 10051 
482 15133 14043 14253 14971 
483 12301 15296 15296 10050 
484 15194 15512 14703 10050 
485 11890 15425 
486 10104 10052 15427 
487 15135 10478 10477 10051 
488 15545 15166 15215 15569 
489 14971 15297 14277 10067 
490 14278 15551 15551 14584 
491 10167 13088 14940 14940 
492 15526 14969 10083 10083 
493 15006 15536 15108 10083 
494 14578 13087 10083 14940 
495 15545 14991 14991 14991 
496 10289 14971 10083 14085 
497 15379 14845 10084 10084 
498 10373 14524 13090 10084 
499 14207 12495 15304 15633 
500 14436 13484 
501 15307 14444 14993 15308 
502 15115 15196 15532 14590 
503 10158 15147 15138 12828 
504 14743 14482 15127 
505 10103 15629 15629 13088 
506 15292 14482 15551 15292 
507 10103 13955 14992 15378 
508 10532 13977 14576 14603 
509 13340 15580 15621 
510 12030 14709 14709 
511 13087 15040 10483 
512 15135 13997 15532 14642 
513 15133 13774 15511 14979 
514 14373 15563 15563 14603 
515 15196 10312 10313 14603 
516 15142 10606 
517 13705 13088 13088 14890 
518 12642 13088 15609 15609 
519 15598 12495 15569 13548 
520 10373 13089 14379 14379 
521 15536 15199 15297 15297 
522 10686 15385 15322 
523 13089 15463 10483 
524 10102 13089 10594 
525 14977 15617 14971 15536 
526 14278 14277 15511 14884 
527 15568 12893 14277 15579 
528 11890 14465 13548 13996 
529 15148 15197 15197 12964 
530 15382 15196 15140 15166 
531 15563 15118 14478 15055 
532 10091 10588 10484 10484 
533 14439 14188 14524 14524 
534 15514 14523 14355 15523 
535 15545 15524 15628 15628 
536 12021 14612 14523 12893 
537 14709 12642 15514 
538 10316 10316 14523 
539 10160 10595 12964 
540 15144 15197 14022 15118 
541 15196 15115 10313 10313 
542 15191 15110 15551 10195 
543 15381 13977 15298 
544 10532 14523 13548 
545 15118 15393 15393 15625 
546 15193 12909 
547 15564 10589 14576 
548 13483 14703 14022 15551 
549 10102 15632 15632 14043 
550 15601 15198 13955 
551 14679 14524 14524 13322 
552 10158 14274 14274 
553 14432 13322 15511 
554 15015 14940 14482 14940 
555 15622 14603 15582 14603 
556 14706 15602 15198 15297 
557 15522 15523 14940 14940 
558 10202 15526 12524 12359 
559 13075 14940 14940 14576 
560 15563 10772 13548 14971 
561 15307 10532 10531 14274 
562 15575 15587 15579 15510 
563 10257 15163 15611 14969 
564 15313 10595 15322 14969 
565 15110 15566 15566 10478 
566 14677 15110 14355 
567 15040 15192 14355 14969 
568 15040 14865 10396 14703 
569 10373 15575 14971 
570 14155 14971 13297 15387 
571 14865 14971 13299 
572 15575 14642 14642 15628 
573 10531 15534 14374 13344 
574 10009 10595 15533 14971 
575 15596 15154 15166 15166 
576 15609 15262 15628 15628 
577 14578 15261 14703 15006 
578 15378 14867 15632 
579 15382 15148 15511 15419 
580 10479 15194 15147 12361 
581 10195 15127 15379 15419 
582 10194 15378 15378 15534 
583 10686 15385 15511 
584 15197 15147 10479 15419 
585 14278 15436 14238 
586 10373 14482 15596 15379 
587 15379 15601 15331 10396 
588 14892 14677 14679 15379 
589 15543 13322 15379 
590 15307 10166 15331 15331 
591 12301 15601 15419 15419 
592 15382 15192 15560 
593 14282 15191 10289 15126 
594 15127 10232 10232 13345 
595 15541 15558 15256 15584 
596 15591 15582 15582 
597 15306 15546 15468 15468 
598 12030 12053 12053 14930 
599 15155 12642 15468 
600 14867 10589 14467 15468 
601 12030 14432 14432 15534 
602 15040 14612 15618 15468 
603 15511 15469 15469 14262 
604 15582 15534 15617 
605 14280 15168 15576 15617 
606 15617 15278 15574 
607 15582 15570 10312 15612 
608 15543 13344 15582 14614 
609 14280 14374 14865 15387 
610 10009 14867 10168 
611 12822 14432 13955 
612 10091 12126 
613 10091 12126 10531 15154 
614 10102 14138 13437 14373 
615 10091 15193 
616 10008 15138 14043 
617 10008 15115 15154 15265 
618 10009 15125 15125 
619 10008 10313 14642 10478 
620 10159 10595 15148 
621 10008 13955 15537 10194 
622 10102 15196 15533 14373 
623 10009 15626 12126 15626 
624 10008 15147 13075 
625 10008 14482 15146 13774 
626 10009 15126 15427 10195 
627 10008 15192 14703 14576 
628 10009 15148 15215 
629 10159 15147 12964 14373 
630 15146 10588 14576 14274 
631 10008 15191 15127 10289 
632 10008 15192 10312 15470 
633 15381 10533 15521 15140 
634 15381 13424 13424 
635 10009 13483 13977 
636 10008 15127 10606 
637 15381 14238 14977 
638 10009 13484 10168 14045 
639 14282 15456 14867 14867 
640 10091 15191 15191 
641 10091 15193 13755 15005 
642 10158 14743 15526 15552 
643 10091 13955 14576 10195 
644 11890 10532 10531 14282 
645 10103 14926 14926 
646 10585 13277 15540 
647 10102 14703 15138 10195 
648 15128 15551 14373 
649 10009 15148 15565 
650 15576 15194 10533 14590 
651 10533 10313 10606 
652 10009 15196 12964 
653 10009 15196 14743 15470 
654 10197 15563 10533 15512 
655 10531 15192 15146 
656 14139 13437 14709 14037 
657 15543 10477 
658 14138 15521 14043 10257 
659 10009 15196 13075 
660 13483 15194 13340 10197 
661 15382 15567 15570 14642 
662 10009 15195 15147 
663 10257 15192 13996 
664 10009 15146 15146 
665 13297 15113 10290 15427 
666 14139 15125 15533 
667 10312 10533 
668 15546 15537 14357 14140 
669 10102 15193 14926 
670 10167 15537 15537 15560 
671 10103 10232 10312 10312 
672 10158 12496 15427 15513 
673 12030 10588 12496 
674 10091 12909 15551 14576 
675 12256 14139 14743 14743 
676 10091 13340 14355 
677 10103 14355 14355 
678 10102 12909 14467 15512 
679 10091 15322 15322 15621 
680 10103 15526 15526 
681 10585 15521 14642 14043 
682 10686 12361 14375 13548 
683 10091 15198 13344 13344 
684 11890 10596 12964 14603 
685 10091 14140 15526 
686 12871 14021 14021 
687 15197 15147 15521 
688 10102 15191 14743 
689 13437 15148 15154 14557 
690 10588 14576 
691 13437 14779 14779 14779 
692 10102 15133 13075 
693 15148 15513 15513 15636 
694 15552 15191 15526 
695 10102 10533 15537 
696 14155 10104 15560 15578 
697 15128 13075 13075 15195 
698 12256 15195 15195 12361 
699 10091 15147 10772 15566 
700 15521 14138 15521 
701 10102 10533 10533 
702 14138 12909 13297 
703 15155 15192 
704 15381 15523 12361 13424 
705 15580 15145 15118 15005 
706 10102 10588 10533 
707 15381 15194 15195 
708 15381 15138 13774 
709 14021 10397 14692 14692 
710 14138 15588 14982 14982 
711 10103 12822 15425 
712 10103 14285 14045 15398 
713 10104 10531 
714 10103 10690 10288 12359 
715 12256 12524 14743 14743 
716 10104 15537 15537 13344 
717 14138 14432 15526 15626 
718 10104 13345 14392 15214 
719 11890 14139 14642 14642 
720 14679 14977 15621 15621 
721 10104 10166 15199 14576 
722 14138 15521 15521 13345 
723 14138 14253 10477 14446 
724 10103 10606 10232 
725 10103 15526 15526 12360 
726 10594 10104 15513 14977 
727 10103 14870 13345 13345 
728 10160 10589 15551 13322 
729 15385 14432 15268 13345 
730 10104 13340 13340 14614 
731 14189 14845 14845 14587 
732 15197 14432 15564 14274 
733 15521 15196 12126 
734 10104 15194 15470 10477 
735 12246 15533 14238 14446 
736 15598 10532 13578 13578 
737 14467 10316 15215 
738 10104 10596 13437 10484 
739 15193 13774 15580 10772 
740 15623 14138 15551 
741 14188 15567 15564 10194 
742 15118 14138 14614 14439 
743 14138 14043 15521 
744 10113 14446 14446 
745 15520 14373 15284 12246 
746 12246 15613 12893 14485 
747 10113 15546 13299 15626 
748 12246 14140 15540 14140 
749 15306 10113 14482 15513 
750 10113 15546 14140 14977 
751 15545 10113 14140 14140 
752 15545 14232 14467 14991 
753 15306 10113 14432 15539 
754 10113 15546 14614 14140 
755 15546 10113 15560 15560 
756 15545 14189 15546 15626 
757 15307 12246 10113 12246 
758 15040 12909 12074 12074 
759 10113 15546 15513 13299 
760 10113 15546 14140 12246 
761 10167 14482 14482 12246 
762 10167 12246 14703 14930 
763 15306 14060 14060 15214 
764 14465 10167 10166 13322 
765 12246 14189 14355 15539 
766 15308 10113 15520 
767 15519 15313 13437 
768 15523 15522 15526 
769 14282 14189 14446 14982 
770 14890 15539 15539 
771 12030 14138 15256 15256 
772 12822 14677 14432 15510 
773 14188 15198 
774 10532 15425 
775 14706 15425 
776 14138 14432 14262 14262 
777 15322 12496 14357 15292 
778 15568 13371 14253 
779 15128 14642 15569 14139 
780 15382 15148 15135 14022 
781 12642 14465 14139 15168 
782 14139 10483 
783 14465 14482 15584 15584 
784 14139 10316 10316 10316 
785 15309 15558 15155 
786 15425 15313 15546 14614 
787 10480 15545 14140 14821 
788 15331 14432 15309 10547 
789 15307 15545 15551 15540 
790 15519 15546 10531 14140 
791 15309 14444 14446 14740 
792 15537 14436 14444 15309 
793 15307 15198 15532 14584 
794 14140 15598 14444 15629 
795 10804 15192 15629 15608 
796 15307 15519 15539 15540 
797 11890 14140 14238 10289 
798 15297 15331 14140 13996 
799 15545 10477 14274 14274 
800 10480 15546 15522 15522 
801 14365 14987 14987 12126 
802 14465 15256 14886 14886 
803 14465 15427 15427 14140 
804 15307 15331 14140 14979 
805 15313 14140 15537 
806 14282 14189 13437 14140 
807 14436 14605 14979 14979 
808 14444 10167 15612 15612 
809 14444 13955 15622 15622 
810 11890 14446 10533 13977 
811 10159 15193 14930 
812 10166 10531 10531 14993 
813 15629 15619 15347 15628 
814 15015 13277 14987 15155 
815 14977 14988 15006 14988 
816 14706 15608 14987 15619 
817 15307 15559 14238 14991 
818 15322 14988 15292 15292 
819 15193 12909 14987 14642 
820 10161 10289 10289 
821 15306 15313 14991 
822 15538 14470 13299 14991 
823 10804 12822 14432 14373 
824 15576 14285 10168 
825 15545 12495 15551 14373 
826 15313 10166 15622 15622 
827 10167 14467 15526 15035 
828 15155 14282 14282 12256 
829 15228 15229 10032 
830 14278 15436 15511 14870 
831 15228 15237 10531 
832 15228 13755 13297 15261 
833 15229 14612 14482 15561 
834 14278 15591 15256 
835 15228 14356 14482 12074 
836 15557 14207 14207 
837 14565 13561 15526 15554 
838 15578 15576 15589 15589 
839 14278 15589 14557 15587 
840 15543 14677 14993 
841 14565 14870 14870 14870 
842 14278 14436 14865 
843 15228 13345 14392 
844 15228 15576 14992 15576 
845 15591 15621 15621 15621 
846 15228 15526 15214 15214 
847 14982 14758 14758 14758 
848 15228 14880 15387 15582 
849 14565 15237 15237 14557 
850 13484 13277 15633 15633 
851 14278 14274 15574 14485 
852 14436 15304 15304 
853 15228 15601 10396 10396 
854 14703 14375 14377 14375 
855 15229 15387 14614 14614 
856 15229 10589 14262 12074 
857 15228 14356 14845 12074 
858 15015 15596 15304 15596 
859 15543 15570 14982 15576 
860 15541 15040 15584 14880 
861 15228 14374 10690 10690 
862 15228 15588 14615 14615 
863 10373 15304 15304 15596 
864 13437 15040 
865 13859 10032 15005 10032 
866 14578 15425 13548 
867 14280 14207 14207 15398 
868 15623 14612 
869 15040 13344 15563 13996 
870 15600 14021 13755 14021 
871 15278 15425 14432 
872 15193 14081 14992 15511 
873 10686 14677 10290 10290 
874 14677 14188 13297 12524 
875 14982 10232 14557 14392 
876 15229 14612 14977 
877 13345 13755 13997 13344 
878 15621 14392 15214 13344 
879 14677 14170 14392 14392 
880 15229 15278 14614 14614 
881 12495 14642 14603 14603 
882 13297 14867 13371 
883 15229 13371 15005 14982 
884 10532 15511 15113 15512 
885 12496 14992 14642 
886 15621 15284 14642 
887 10194 15118 15551 15532 
888 15565 14482 
889 15229 
890 15624 15543 14355 14557 
891 10585 15040 15456 15456 
892 15229 14205 14206 15304 
893 14280 14155 14845 14845 
894 15541 15582 15634 15111 
895 15229 14679 14432 14615 
896 10596 14679 10232 
897 14677 15551 
898 15016 13955 15564 14867 
899 10532 10596 14977 15127 
900 15127 15511 10606 
901 10194 15568 14188 12361 
902 15127 10606 15564 
903 15144 10531 10313 
904 15196 15125 15118 13424 
905 15306 13484 14262 13638 
906 14282 15040 15522 15510 
907 15306 15331 15197 15308 
908 15306 14373 15513 14977 
909 15306 14679 14482 15626 
910 15306 14612 14238 13638 
911 15306 15313 13299 
912 15306 15545 15539 
913 15306 15537 14081 14064 
914 15546 14482 15626 14373 
915 15307 14482 15568 15308 
916 15306 10166 15456 
917 12030 13322 13322 15621 
918 15545 14886 10531 14587 
919 15306 14886 14886 13322 
920 15519 15559 15626 14373 
921 15545 12496 
922 10686 15278 15572 
923 14188 14926 14703 14926 
924 15331 10289 10289 12126 
925 15309 10531 10531 
926 14465 14867 13548 15534 
927 15307 13340 15538 15215 
928 12822 14977 14977 14993 
929 15520 15538 15602 15602 
930 15307 14188 14188 14188 
931 12030 10477 15298 
932 15308 15517 15517 14982 
933 12030 15546 15308 
934 15313 15309 15308 14188 
935 15308 15122 15122 15309 
936 10158 15193 15308 15308 
937 14365 15313 15539 
938 15313 13322 12964 14679 
939 12030 14482 15425 13977 
940 15313 15632 
941 15382 10531 15215 15154 
942 15537 10477 10477 
943 14692 
944 15534 10477 13107 13107 
945 15382 15193 15551 14557 
946 12030 14189 15163 15611 
947 14467 15122 13996 14373 
948 15382 14189 15539 12361 
949 15382 15192 14189 10477 
950 10531 14992 15118 14993 
951 15381 15196 15195 10197 
952 10589 13755 15615 
953 10160 14603 14603 
954 15381 12871 15146 14373 
955 15521 14274 14274 12871 
956 15382 10533 14188 15125 
957 15381 15197 14992 15115 
958 15382 14588 10533 12126 
959 10194 15568 15568 15532 
960 15381 10479 15568 10195 
961 15382 10589 14189 
962 15382 10772 10606 15633 
963 14278 13484 14467 
964 15541 15576 15582 15586 
965 15541 14889 14436 
966 15541 15579 15598 15055 
967 15541 15016 13299 15597 
968 14278 15576 14867 14867 
969 15541 15570 15122 15576 
970 15543 14188 14188 
971 12642 10202 15632 15633 
972 15575 12893 15006 12893 
973 13075 13277 15154 15005 
974 15543 12495 14377 15615 
975 15543 15536 15322 
976 15541 14992 10690 
977 15541 13755 15511 15570 
978 15543 12361 15569 14845 
979 14278 15558 14865 15597 
980 15575 15582 15582 15625 
981 14280 14759 14743 14485 
982 14280 14759 13997 15534 
983 14234 14867 15517 14605 
984 10032 15262 14679 10032 
985 15192 14203 15166 15005 
986 15543 10606 15551 13345 
987 15543 10594 15140 
988 15543 15598 10312 10312 
989 10194 15138 12893 13340 
990 15567 15298 13977 
991 15564 12909 15154 14642 
992 10160 10289 14977 15551 
993 12496 15284 13997 13977 
994 10804 15519 14373 13638 
995 10160 15196 15138 
996 10161 15196 15456 
997 10158 15148 14977 15524 
998 15154 10532 13548 
999 15193 10588 15146 
1000 15322 15563 14022 
1001 15195 15148 12964 
1002 10159 14736 15626 15626 
1003 10161 10480 12053 
1004 10159 15195 12964 
1005 10195 10194 15166 15512 
1006 13483 13371 13371 
1007 10159 15196 15122 15523 
1008 15137 14603 15215 14373 
1009 10161 13483 10195 
1010 10161 15196 15138 10606 
1011 10533 15563 
1012 10532 15138 15195 
1013 15040 15601 15198 
1014 10167 15559 13297 15166 
1015 14465 15427 14703 10168 
1016 10168 14736 14736 13638 
1017 14612 14285 15035 
1018 14482 10168 14045 14064 
1019 15322 14045 10168 14285 
1020 15519 15040 14285 15035 
1021 14612 14285 14285 15512 
1022 10532 14285 14045 14930 
1023 14578 15297 13955 
1024 11890 15588 15551 14282 
1025 11890 13299 12360 12360 
1026 12030 10532 13299 15561 
1027 12030 15055 15055 15055 
1028 14375 15526 15523 12360 
1029 11890 15601 15601 14977 
1030 12256 14465 14467 
1031 12256 13437 14703 
1032 11890 13344 10533 13344 
1033 14465 14482 14709 14867 
1034 12030 13344 10531 15454 
1035 12256 10532 14642 15571 
1036 12256 12822 14432 14373 
1037 15511 15193 10289 15278 
1038 12256 14081 10480 14282 
1039 12256 14926 14642 14982 
1040 11890 14037 14432 12256 
1041 11890 15191 13322 
1042 14758 15193 15191 
1043 14743 15192 15563 
1044 15600 15601 10396 10483 
1045 12030 14709 13299 15261 
1046 15387 14758 14043 14043 
1047 15261 15262 15560 14043 
1048 15521 14207 15296 15296 
1049 15521 14870 14703 14870 
1050 14603 15571 15574 14993 
1051 10596 14982 14043 14043 
1052 15144 14603 15427 15195 
1053 14992 15126 15146 14043 
1054 15137 10532 15516 
1055 15015 14365 13299 14045 
1056 15538 13299 14045 14045 
1057 14280 15214 15214 14505 
1058 15559 15256 15256 14614 
1059 14280 15526 15516 14274 
1060 15592 15463 15621 15463 
1061 15584 14603 15598 15598 
1062 15557 15214 14886 15513 
1063 13484 15588 15612 15586 
1064 15168 14356 
1065 14278 15436 15511 15511 
1066 15575 15584 15586 14603 
1067 
1068 15575 15586 15586 15585 
1069 14280 14365 15584 15511 
1070 14886 15574 15574 14886 
1071 14278 13297 15261 15632 
1072 15449 10312 14865 10313 
1073 13997 14377 10690 14884 
1074 15198 15601 13075 15580 
1075 14280 13277 15533 15533 
1076 10804 15559 15574 15536 
1077 13345 14392 15626 15554 
1078 14590 15532 15597 15532 
1079 15385 14982 14375 14375 
1080 15534 15621 15573 15511 
1081 12360 15193 14679 
1082 14374 14992 10232 10232 
1083 14703 14612 
1084 10531 14392 14979 14392 
1085 15571 15612 14993 15611 
1086 10686 14356 14374 14982 
1087 12642 15523 14885 
1088 10232 13997 13997 15154 
1089 13277 10532 15298 15533 
1090 14021 13548 13548 
1091 15566 15569 14576 10194 
1092 13996 10531 15635 14584 
1093 10532 14642 15138 15524 
1094 14280 15575 15278 15278 
1095 14280 14037 15578 15578 
1096 15582 14977 14845 15621 
1097 10686 14709 15632 
1098 10686 13955 15511 14375 
1099 15623 15566 12021 13548 
1100 15623 15425 
1101 15575 15564 15564 10288 
1102 13483 15532 15532 15126 
1103 14282 15198 15601 
1104 15135 12909 15214 14282 
1105 15015 14465 13299 15632 
1106 15557 14465 14482 
1107 14465 15192 15582 15586 
1108 14467 14614 15198 15510 
1109 10585 14465 14467 
1110 12051 14467 15122 14867 
1111 15520 13322 14679 14703 
1112 14432 15626 15626 13638 
1113 14205 13484 13299 13299 
1114 15567 15575 15520 
1115 10373 15521 15582 15582 
1116 10202 13371 13297 13371 
1117 15591 14253 15122 14557 
1118 10202 13322 14253 14557 
1119 15194 15598 14253 13322 
1120 15623 15579 15163 13371 
1121 15137 10531 10533 13371 
1122 15623 13371 14253 15512 
1123 15133 14253 15565 
1124 12052 14253 13371 
1125 15127 14238 13371 13371 
1126 15113 14204 14253 13371 
1127 15583 14253 15118 15118 
1128 15624 13977 15597 13410 
1129 13955 15597 13977 13977 
1130 10804 14677 13977 13977 
1131 15583 15582 14867 14867 
1132 15128 14982 13977 13977 
1133 12642 15197 14867 
1134 15567 14262 10289 15166 
1135 14207 15601 15304 15304 
1136 14435 15558 15517 14867 
1137 15557 14867 12987 15561 
1138 14436 14432 15006 14867 
1139 12301 15512 15198 14867 
1140 12642 14207 15168 14867 
1141 15600 15168 14867 14867 
1142 15040 10202 14867 14867 
1143 15016 15425 15398 
1144 14238 13297 14867 14867 
1145 13277 15191 14204 
1146 14081 13277 13297 
1147 15040 14867 15564 
1148 10532 14188 15214 15621 
1149 15624 13484 15298 15596 
1150 15582 14188 15298 15298 
1151 15582 15600 15298 15298 
1152 
1153 10194 15393 15393 15532 
1154 15633 15585 15570 13638 
1155 15016 15598 13638 13638 
1156 14605 12822 15538 14701 
1157 15600 15201 15601 13563 
1158 10373 15612 14060 14060 
1159 15199 14274 15632 15522 
1160 15575 15576 15565 15576 
1161 10195 15630 15523 15522 
1162 15015 15582 15523 13299 
1163 15526 15523 14880 14374 
1164 15532 15125 14992 15611 
1165 15142 15133 14037 15523 
1166 15608 15629 15628 14703 
1167 15128 10316 10533 
1168 15526 14977 15425 15514 
1169 14605 15533 14505 14505 
1170 15526 10396 10311 10311 
1171 15015 15612 14587 10311 
1172 15526 14587 13107 14587 
1173 15436 13484 15573 14485 
1174 15633 15526 13322 13322 
1175 10804 14740 13561 13563 
1176 15526 13277 14743 12359 
1177 14021 10686 10232 14375 
1178 10531 14743 15526 12359 
1179 15575 15576 15526 
1180 15135 15385 15566 14557 
1181 15118 10532 15526 14262 
1182 15137 10533 15598 
1183 15168 15598 14357 15578 
1184 15015 15589 14355 15589 
1185 15572 15631 14703 14485 
1186 15557 14603 14355 15511 
1187 15006 15262 14262 
1188 14205 15040 14355 15596 
1189 14584 15612 15572 15572 
1190 15448 15625 14614 14357 
1191 14205 14207 15534 14357 
1192 14356 13297 15296 15296 
1193 10804 14677 14679 15512 
1194 14356 15582 15587 15621 
1195 12822 13705 14605 12021 
1196 12642 13297 15425 15597 
1197 13277 14703 15579 14274 
1198 14706 15569 15632 
1199 14355 15113 14576 13774 
1200 15194 15110 15154 
1201 15564 13955 15563 
1202 15128 10195 15598 15625 
1203 15564 13299 14021 
1204 10772 14021 14021 
1205 13483 14204 15265 
1206 14357 14081 15586 15586 
1207 15632 10396 15602 15602 
1208 15040 15304 
1209 15588 14982 15585 14357 
1210 15387 15625 14357 14357 
1211 14234 15561 14238 14605 
1212 14356 15284 14865 15597 
1213 12642 14356 15629 15608 
1214 10373 15561 14238 15587 
1215 10202 14081 
1216 10202 14203 14204 14603 
1217 10804 15567 14189 14357 
1218 15567 15566 15563 15427 
1219 14356 10686 10257 10232 
1220 15040 15567 10316 10316 
1221 10195 12359 14576 14375 
1222 14578 15565 15512 15512 
1223 15040 15601 15601 15201 
1224 14677 14356 15551 
1225 14432 10477 15122 15536 
1226 14706 14356 14743 14743 
1227 14365 10396 15601 
1228 10202 15198 14189 10396 
1229 12642 10594 
1230 15385 10290 10290 10289 
1231 15623 15191 15470 
1232 10532 10195 14357 
1233 15565 10596 15569 15470 
1234 15623 13955 14188 
1235 13483 15632 15632 
1236 13483 15133 14357 
1237 15128 15194 15563 
1238 15133 15566 15566 10194 
1239 13483 15214 15579 
1240 14356 15567 14189 
1241 14356 15142 10232 15166 
1242 14578 13297 15561 
1243 15563 15551 15322 
1244 14603 14880 15425 14357 
1245 15304 14207 15595 15595 
1246 15193 10532 14021 
1247 14679 12909 14357 13561 
1248 10479 15191 15115 14022 
1249 14155 14379 14992 14982 
1250 14081 15214 15168 14982 
1251 10585 10483 14188 14679 
1252 15563 10312 15567 14557 
1253 13483 14375 14377 14377 
1254 10589 14982 14679 13322 
1255 14982 15575 14170 14170 
1256 15511 14865 14982 15512 
1257 13277 14982 13548 
1258 15125 10313 10606 14982 
1259 15144 12052 10533 15512 
1260 15561 13299 15597 15597 
1261 15040 15561 15536 15536 
1262 15572 14736 15597 14485 
1263 10202 15601 15597 15597 
1264 13484 14612 10032 10032 
1265 12495 15597 14206 13755 
1266 14605 15517 13340 15597 
1267 14205 14207 15463 15463 
1268 15624 14207 13755 13755 
1269 15016 14204 14203 15597 
1270 15575 15425 15536 
1271 14677 15006 13548 15534 
1272 13075 13277 14274 14037 
1273 14759 14377 15534 14880 
1274 15570 14274 15571 15589 
1275 15537 15560 15154 15625 
1276 15624 15201 15596 15596 
1277 14365 15201 10397 10397 
1278 14365 12301 14590 15533 
1279 15015 14365 15168 
1280 15201 14365 10396 
1281 15601 15201 12301 15331 
1282 14365 12301 
1283 15040 15601 15198 12301 
1284 15575 14365 14238 15534 
1285 15331 12909 15602 15602 
1286 15558 14365 10396 12301 
1287 14021 15533 14022 14022 
1288 14365 12301 10397 15456 
1289 14435 14612 15427 15598 
1290 14206 15596 14022 
1291 10483 12054 10396 10396 
1292 10594 10483 10483 15456 
1293 12822 15598 15598 15611 
1294 15197 14170 15511 14679 
1295 15600 15565 15564 
1296 10595 14374 15154 
1297 15575 10288 15122 15566 
1298 14588 15198 15201 14068 
1299 15322 10588 10690 14588 
1300 15197 10232 15563 
1301 14379 15142 15563 15142 
1302 15193 15147 10195 14603 
1303 15115 10479 10195 15570 
1304 15623 14576 14576 
1305 15142 15534 13997 
1306 13483 12050 14576 15166 
1307 15623 15567 13548 
1308 10480 15512 15115 14642 
1309 15191 13483 15532 10477 
1310 13955 14207 15201 15297 
1311 15601 15198 15297 10483 
1312 15262 15261 10478 15297 
1313 15600 14021 15602 15602 
1314 15331 15201 15601 15296 
1315 15600 15194 15331 15331 
1316 13277 14930 14930 15166 
1317 13345 15569 15569 14021 
1318 10202 12893 12893 
1319 12642 10312 15533 15533 
1320 15145 10531 14642 14576 
1321 15137 14642 15269 
1322 15137 10595 10594 10606 
1323 10772 15634 15598 13424 
1324 15278 14037 13755 14485 
1325 14274 15536 13955 
1326 15628 15608 15214 15214 
1327 13484 15551 15569 15609 
1328 15015 13277 12871 15570 
1329 10373 14436 14679 15214 
1330 14205 15016 14845 14614 
1331 15214 15040 13955 15214 
1332 10373 15214 15256 
1333 10289 15214 10032 14037 
1334 10804 15214 15214 15536 
1335 14603 15197 13996 14274 
1336 12642 14612 15214 
1337 10686 14482 15579 15579 
1338 14709 13955 14979 15551 
1339 15582 15570 15576 10288 
1340 15110 13774 15214 15512 
1341 10772 10531 15265 15470 
1342 10232 15195 15511 10606 
1343 14865 14614 14439 
1344 15262 10289 15006 15215 
1345 10804 15517 13955 15552 
1346 15623 13340 13322 14642 
1347 15142 15564 15532 15215 
1348 15128 10588 15215 10197 
1349 15144 15191 10312 15215 
1350 15192 12496 15631 14485 
1351 14205 10606 15587 
1352 15601 15632 14692 15632 
1353 10594 15198 12301 12301 
1354 15633 15601 15197 15632 
1355 15322 15632 15427 15631 
1356 10589 13075 13774 
1357 13563 13859 14374 15122 
1358 14706 15533 15265 13424 
1359 10202 10289 10290 
1360 15193 10197 15632 15142 
1361 15191 15540 15634 10311 
1362 14189 15166 15609 
1363 10533 14374 15191 10195 
1364 15611 13955 15568 10194 
1365 15623 15196 15195 
1366 10479 15133 10194 
1367 13483 14204 10194 10312 
1368 15194 10194 13075 15532 
1369 10194 10588 10533 
1370 15144 15154 10195 10194 
1371 14170 15145 10479 10194 
1372 10194 15192 13075 
1373 15623 10531 13755 13424 
1374 15566 15569 10197 15126 
1375 15193 13483 15138 10195 
1376 15192 13483 15564 
1377 15623 10589 15566 15579 
1378 10195 13774 15138 14587 
1379 13483 15565 15551 
1380 15623 15574 15278 15278 
1381 10804 15601 15601 10195 
1382 13483 10686 10257 10197 
1383 15623 14238 15534 14262 
1384 15623 15135 15292 10606 
1385 15110 10195 15534 
1386 10197 14170 14170 15126 
1387 10804 12822 10197 
1388 15142 14170 15563 15566 
1389 15128 15570 15570 15470 
1390 15194 15115 14274 15566 
1391 15623 10288 10288 
1392 15624 14439 14590 14485 
1393 15015 10232 10232 14485 
1394 15016 12642 
1395 14578 10202 15569 15569 
1396 15016 12642 15592 15592 
1397 12642 13484 15538 15538 
1398 14204 10202 14759 14758 
1399 15016 15040 10316 15166 
1400 15624 10589 
1401 14706 14081 15168 
1402 10202 14206 14884 14614 
1403 14207 15576 15587 15589 
1404 10202 15193 15292 15292 
1405 10202 15193 15611 15163 
1406 10596 15565 
1407 10202 15197 15564 13548 
1408 15591 15575 
1409 15016 15197 15197 10477 
1410 15601 14612 14977 14206 
1411 10532 14977 14189 
1412 12642 12524 12524 14845 
1413 12909 15194 15194 13548 
1414 13277 15191 10594 15154 
1415 13277 10532 13755 
1416 10202 12021 
1417 14612 15284 15385 
1418 10202 13955 14576 15566 
1419 10202 14203 15583 14021 
1420 10202 15154 15154 12021 
1421 14709 10396 15602 
1422 15137 15621 15579 15587 
1423 10373 13277 14584 15631 
1424 12642 10290 10290 15584 
1425 12642 15601 12054 12054 
1426 15595 12642 14238 
1427 13277 14703 10316 15237 
1428 12642 15194 15196 15055 
1429 14374 14068 
1430 12642 10588 15565 15566 
1431 14706 10589 13548 15569 
1432 14886 14203 14709 
1433 15595 15196 15195 
1434 13996 15122 15168 
1435 13277 14204 15195 15304 
1436 12642 14203 15565 15583 
1437 14578 14207 15425 15573 
1438 15600 14392 12126 12126 
1439 15398 13277 15195 12126 
1440 13277 15192 15565 10232 
1441 15568 15551 14603 
1442 14578 15569 14189 15631 
1443 15575 14188 15163 15163 
1444 15623 13340 13340 
1445 15623 12021 14262 13548 
1446 14677 13483 13340 13340 
1447 10585 15569 15569 
1448 15265 10533 15122 
1449 15144 15154 
1450 10686 13483 15569 14021 
1451 15623 15564 
1452 10531 13297 10232 
1453 15128 15194 15166 15166 
1454 15133 13483 
1455 15138 14203 14709 15571 
1456 13483 12126 15154 10290 
1457 13483 14482 14642 
1458 15118 12050 15563 15566 
1459 15144 15567 15566 14170 
1460 15197 10479 10313 14576 
1461 10596 10533 10594 14374 
1462 14743 15292 15154 
1463 15015 13299 14206 14603 
1464 13484 15631 14432 14485 
1465 14565 14439 15570 15534 
1466 15015 12301 10396 10396 
1467 15454 13484 15198 15199 
1468 15619 15168 15629 15609 
1469 14205 15168 15425 15578 
1470 14736 15558 12054 10484 
1471 15016 15612 15612 10311 
1472 10804 12964 12964 
1473 15168 14203 15199 15199 
1474 15624 14203 15198 13345 
1475 14203 15016 14188 14188 
1476 13484 10396 15201 15201 
1477 15575 15122 15576 15122 
1478 14155 14375 14375 15387 
1479 14081 14992 15631 15631 
1480 14205 14081 15168 
1481 15449 14605 14977 14977 
1482 15624 10396 15596 15398 
1483 13955 14081 15537 
1484 15198 15601 10288 15201 
1485 10690 14203 14204 14759 
1486 14706 15193 15576 15570 
1487 14204 15122 15122 
1488 15040 14204 
1489 15624 14205 15256 15534 
1490 14207 14612 14238 14557 
1491 15624 15578 15580 14206 
1492 14205 14238 14207 15602 
1493 12524 14207 12054 
1494 15624 14207 15398 
1495 15040 14207 10397 15296 
1496 15436 14207 15278 15278 
1497 14189 15454 14207 15596 
1498 15624 14736 15537 15634 
1499 14207 15166 15304 15602 
1500 15040 15540 15304 14188 
1501 15040 14207 15201 10396 
1502 14207 15601 12301 
1503 14706 14207 15595 
1504 14706 15559 15595 15595 
1505 14706 15425 15191 
1506 15118 14709 15154 15532 
1507 15133 15262 13755 15578 
1508 15154 15534 
1509 10532 13755 13755 
1510 15572 14612 14238 14485 
1511 13955 15591 15537 15588 
1512 15624 15016 13297 
1513 14889 14238 14238 14679 
1514 15629 15570 15628 15292 
1515 15578 12054 10483 
1516 14439 10483 14170 14170 
1517 15016 15595 
1518 14189 14677 13322 10316 
1519 15539 14677 14170 14170 
1520 13437 15565 15564 
1521 15591 15584 15584 15304 
1522 15040 14612 14603 14274 
1523 14677 14612 14482 15635 
1524 15322 12909 14375 
1525 15135 10595 14374 14374 
1526 15144 10531 10533 
1527 14743 12496 15569 
1528 15623 15197 15563 14170 
1529 15572 15515 15510 15510 
1530 15540 15514 14482 12074 
1531 15284 14375 14614 10232 
1532 14557 15564 12893 10232 
1533 14578 14432 14432 
1534 10589 14677 14679 10232 
1535 13344 14375 15153 10232 
1536 15571 15385 14926 10232 
1537 14865 15621 15584 10316 
1538 15559 13997 14374 14845 
1539 15600 14037 14703 10313 
1540 15142 13340 10232 
1541 15144 12871 10477 
1542 12021 15551 14576 15551 
1543 10232 15611 15140 
1544 15110 15196 15511 10290 
1545 13548 15195 15195 
1546 15137 15163 14274 14274 
1547 14880 15284 14037 15427 
1548 14439 14037 15385 15532 
1549 15557 15006 14037 
1550 15536 15513 14614 14614 
1551 14037 14679 
1552 15511 14886 15621 15621 
1553 14439 14188 14189 15536 
1554 13075 12909 14993 14993 
1555 14677 10257 13322 15536 
1556 14578 15197 15536 14642 
1557 12301 14274 10257 10397 
1558 10290 14374 14375 14880 
1559 14992 10257 10533 13561 
1560 13996 14374 14870 
1561 10686 14375 13548 13548 
1562 15193 10686 12359 12359 
1563 10596 10686 14870 14870 
1564 14436 14605 13997 14979 
1565 10373 14758 13578 13578 
1566 15322 14374 10690 15153 
1567 12822 14679 13996 
1568 13996 10312 15572 15572 
1569 15191 14557 15582 
1570 15385 15135 15470 10289 
1571 15115 15385 15533 10606 
1572 14565 13563 13561 14375 
1573 13997 15516 12074 12074 
1574 10373 15629 15608 15608 
1575 14189 15122 10531 14692 
1576 14578 14375 15534 12524 
1577 14262 13955 15572 14779 
1578 14578 10533 15110 
1579 15147 15533 13997 
1580 14155 15584 14880 14880 
1581 15387 14377 15580 15580 
1582 15557 14497 14758 14758 
1583 14374 12495 15537 14170 
1584 14373 12909 15532 15115 
1585 15564 14375 14379 15566 
1586 14743 15126 14870 14375 
1587 14565 15284 14377 15613 
1588 15284 15387 15510 15510 
1589 15284 15559 14377 14557 
1590 12495 13859 15278 14603 
1591 14880 14379 14845 15153 
1592 14274 14557 12054 14274 
1593 13297 15436 14557 14557 
1594 15448 13705 10313 14557 
1595 14679 14557 10316 10316 
1596 15534 15127 14170 
1597 15110 15565 10606 10606 
1598 15125 15425 15564 
1599 15539 14605 15572 
1600 14642 14578 15576 15533 
1601 15284 15192 13344 14614 
1602 15154 10531 15154 15292 
1603 15142 15564 15551 14274 
1604 15194 15110 14926 
1605 14779 14238 15385 15516 
1606 12495 15387 14262 14262 
1607 10478 15006 10396 10396 
1608 15557 15554 15561 13755 
1609 15322 14587 14977 15512 
1610 15322 14612 15425 15619 
1611 14578 14779 15322 
1612 15600 15619 15608 15608 
1613 15292 15619 
1614 15608 15427 15292 15292 
1615 15539 15262 15626 
1616 15558 15574 15574 15609 
1617 15628 14886 14238 15621 
1618 15262 15561 15629 10582 
1619 13299 15534 15582 14485 
1620 13437 15573 15425 14485 
1621 15575 15570 15612 15576 
1622 13437 15534 14262 
1623 15262 15261 15574 15580 
1624 13563 13859 15111 14091 
1625 15532 15571 10290 14743 
1626 15154 15133 15195 10288 
1627 15144 15194 10289 
1628 10290 14439 13297 14692 
1629 13297 15425 10290 15514 
1630 15436 10311 15569 10312 
1631 14605 15612 14679 10311 
1632 10772 15558 15269 
1633 15144 13774 13584 10606 
1634 10479 15196 13424 15113 
1635 15436 14238 14992 14485 
1636 15425 15567 15576 14992 
1637 15592 15570 14993 14262 
1638 15436 14993 15631 15612 
1639 15575 15583 15612 15585 
1640 14740 15111 15612 15612 
1641 15569 15567 15611 15512 
1642 15135 15611 15579 
1643 15575 15570 15579 15579 
1644 10589 15142 15140 15142 
1645 15268 15567 15563 12361 
1646 13755 15113 15269 15113 
1647 15436 15278 15513 10313 
1648 10373 10316 14615 14615 
1649 15006 15561 10032 15237 
1650 14578 15573 15576 15576 
1651 15592 14933 15583 15586 
1652 15040 13322 14485 
1653 10594 12052 15532 12964 
1654 14977 14505 15510 15510 
1655 15558 14736 14736 15539 
1656 15517 15517 14662 14662 
1657 15436 15572 14485 14485 
1658 15436 15587 15572 15572 
1659 14612 13755 14930 15566 
1660 15470 13297 15631 14485 
1661 14482 14189 13548 14779 
1662 15513 15514 14614 15055 
1663 14679 14677 10606 
1664 15569 15567 15565 13548 
1665 15582 15579 13955 15586 
1666 10478 13299 15582 10032 
1667 15194 12054 13955 
1668 15575 15570 13955 14979 
1669 14576 15575 15565 14603 
1670 15600 14576 14576 
1671 15575 15580 14170 
1672 14021 12301 10397 10397 
1673 14432 14677 15572 15572 
1674 15558 15512 14485 15516 
1675 10804 15573 15278 14485 
1676 15515 14238 15579 14485 
1677 15576 15122 14485 15576 
1678 15567 15583 15570 14188 
1679 12053 15154 15154 
1680 15194 14576 12893 
1681 15572 15573 14238 10477 
1682 15560 15513 15055 15513 
1683 14578 14703 14274 14274 
1684 15579 15565 14779 14845 
1685 15569 14614 15122 15427 
1686 10532 10531 
1687 15561 15262 13299 14584 
1688 14432 14482 10483 15122 
1689 14930 15532 14979 10483 
1690 15570 15122 15578 15627 
1691 15567 10595 15122 
1692 15558 10484 10484 14692 
1693 10532 15148 13755 14262 
1694 12524 14743 
1695 14743 15006 13755 
1696 10373 14612 14482 
1697 12822 14436 14189 13322 
1698 10373 14605 15256 14679 
1699 10373 15261 15006 15261 
1700 10373 13859 13561 13561 
1701 10373 12496 15576 
1702 15127 10531 15456 10606 
1703 10594 15425 15621 
1704 13297 15567 15145 15427 
1705 15113 15563 15456 15533 
1706 10531 10596 12964 10606 
1707 14189 10595 10594 
1708 10588 15201 10483 10483 
1709 15540 15533 14189 15592 
1710 15557 15256 14189 15626 
1711 15532 14188 14022 14439 
1712 12496 14677 14679 14022 
1713 14889 15559 14482 14977 
1714 12496 14432 13322 15532 
1715 12054 10484 12054 
1716 15591 15576 15425 15627 
1717 15575 13345 15565 15583 
1718 10589 15564 15565 
1719 15566 15589 15588 15566 
1720 15512 15621 15579 15592 
1721 14482 15570 15578 13345 
1722 15591 10588 15586 15586 
1723 15575 
1724 15558 15585 15585 
1725 10532 10595 15513 15512 
1726 10804 14891 13322 13322 
1727 10804 14677 14432 
1728 10804 14892 14232 14679 
1729 14891 14736 14736 14977 
1730 14436 14605 14505 
1731 15558 15513 15513 15514 
1732 14740 15616 14060 15111 
1733 15006 10032 
1734 15558 15256 12893 15256 
1735 15557 14736 13198 
