1 25355 25133 25143 25266 
2 21707 25143 24200 23084 
3 24347 25346 25266 25326 
4 25349 25346 24250 25288 
5 25306 25325 25346 24596 
6 25346 20047 20304 20302 
7 25133 23234 25098 25346 
8 20228 23112 23875 20025 
9 24107 22552 24958 25292 
10 20025 24321 25287 24952 
11 25255 20025 24734 24239 
12 24894 23569 24728 23488 
13 23775 25261 25260 20025 
14 25284 25111 24593 25291 
15 23854 23535 20025 25229 
16 23747 25271 23798 24034 
17 25247 25062 25063 24663 
18 24670 25256 24669 22419 
19 24369 23045 20025 23850 
20 24234 24964 24593 20025 
21 22957 25097 23884 24596 
22 25216 20967 25318 24124 
23 25144 25100 25101 25148 
24 24684 24670 23798 25175 
25 23192 20025 25262 25359 
26 24475 23875 20025 24250 
27 24927 24932 24918 22755 
28 20291 20025 24239 25292 
29 25339 25341 25337 25264 
30 24917 20994 24034 24755 
31 24913 24760 25144 23572 
32 24475 23775 23773 21304 
33 24519 24295 22537 22536 
34 21533 24000 25267 25266 
35 24207 25356 23884 23463 
36 23775 23773 24894 20025 
37 25356 23796 24041 25268 
38 25254 25347 25147 22835 
39 24670 25339 25252 25337 
40 23524 20025 24107 24353 
41 20259 20258 25184 24295 
42 24913 25314 23875 23045 
43 20381 20259 25291 24239 
44 25282 25121 24295 24943 
45 23506 23315 20025 20303 
46 21543 20025 20519 20301 
47 20519 20064 25218 25248 
48 24665 23524 24551 24555 
49 25097 25314 24107 24552 
50 25305 25099 20025 24000 
51 23854 25097 25249 23751 
52 24833 20097 25268 24478 
53 24917 23234 24107 25134 
54 25357 24341 25098 25300 
55 24986 22537 24669 20522 
56 25321 25307 24288 24553 
57 24234 25221 20314 20302 
58 25133 20259 23594 21933 
59 23773 25279 20025 25218 
60 25249 20063 20575 24551 
61 24918 20258 23315 20025 
62 24016 23790 24987 24669 
63 23727 23192 20025 24990 
64 25270 23479 20301 23765 
65 20126 25099 20025 24547 
66 24597 20300 20299 24552 
67 25305 24234 24990 20079 
68 25238 25098 25097 24555 
69 23192 20874 25356 24107 
70 25282 24607 20097 24551 
71 25129 23875 20025 20314 
72 23192 23550 20967 23322 
73 20025 23550 20518 24645 
74 25321 25129 23572 25218 
75 23315 23594 24107 20314 
76 20259 20258 25253 20065 
77 24917 25097 24034 24943 
78 25305 24918 24234 24368 
79 25079 25321 24607 23609 
80 24917 25133 23535 24107 
81 23500 20258 25287 21369 
82 23500 25039 25321 24903 
83 20025 24755 24990 21369 
84 20258 20519 20065 20305 
85 24234 20259 20025 24321 
86 24665 20025 20063 20304 
87 20258 21543 23797 24554 
88 22455 23943 20080 20524 
89 23500 20025 24200 25269 
90 24913 24917 25133 20258 
91 24913 24760 20258 24107 
92 24833 24917 20097 25290 
93 24918 24760 20025 23550 
94 20258 21543 20025 25308 
95 24016 20576 20575 24546 
96 25108 25097 24554 24555 
97 24607 24627 21369 20668 
98 25144 25221 24881 25334 
99 24964 23315 20025 25269 
100 22455 24192 25221 25299 
101 24234 24938 20025 24645 
102 24963 25113 20025 24813 
103 25038 25285 25284 25223 
104 25338 23524 21707 23550 
105 25357 25314 21707 25300 
106 23943 23529 21707 25292 
107 25341 21707 24250 23550 
108 25285 25338 21707 25219 
109 25307 23529 21707 23790 
110 25328 25338 21707 24987 
111 23609 23524 23529 25229 
112 24670 20486 21707 20967 
113 25304 21707 25348 25219 
114 23264 23263 21707 24519 
115 25304 25210 25004 24631 
116 25338 21707 24250 24408 
117 24964 24760 25145 25144 
118 24016 24015 23875 21707 
119 24760 25144 21707 20305 
120 25079 24670 24250 23844 
121 24760 25145 24126 23045 
122 25351 24111 23529 21707 
123 23506 20228 23112 23045 
124 23264 23045 24250 24120 
125 24347 25314 23894 25219 
126 24347 25329 24777 23045 
127 23446 23535 23045 23896 
128 25039 23875 23045 25269 
129 25039 23884 23045 25269 
130 25243 23045 25269 22834 
131 24111 22896 22021 22023 
132 24963 25272 25329 25062 
133 25276 25062 25242 23045 
134 24964 24760 23462 22993 
135 24683 25144 20126 25063 
136 23506 24926 23569 20663 
137 25145 25273 25329 23045 
138 24760 25272 25273 23875 
139 20994 24607 25111 25337 
140 24964 23609 20314 20302 
141 20874 23790 20097 24901 
142 24760 25144 25299 24547 
143 20097 20302 20576 24901 
144 23943 23045 20046 24547 
145 23875 23045 23797 24669 
146 25314 23263 24250 23084 
147 23263 23572 24474 25290 
148 24684 25113 24593 23875 
149 23506 25285 23264 25300 
150 25272 25329 25063 23524 
151 25113 23369 25299 25269 
152 25307 23524 24250 24953 
153 25314 23524 25229 23907 
154 25282 25341 25314 23524 
155 25079 25064 23884 23524 
156 25225 23369 23524 23757 
157 25271 25148 23287 23286 
158 25144 23854 23524 24881 
159 25307 23524 20226 20227 
160 23609 25121 25221 23524 
161 24670 25339 23524 25359 
162 25271 25147 24124 20048 
163 25299 23524 20519 23207 
164 23524 23798 25263 20428 
165 24519 25184 24295 24198 
166 24913 24777 23524 25359 
167 24490 23524 25216 20047 
168 25221 25098 23524 25134 
169 23524 20046 24107 23881 
170 23234 24034 22536 23087 
171 25282 21037 25100 24630 
172 20258 25099 25314 23524 
173 25314 23524 25308 20524 
174 23524 23797 25175 25262 
175 23596 23524 20065 20522 
176 25272 24607 23529 25229 
177 25341 23875 23790 20097 
178 20551 23529 24734 24990 
179 23446 20080 22023 20079 
180 22957 23529 24372 23572 
181 24368 25111 25221 20046 
182 20259 24607 20065 20522 
183 24111 24593 23875 25175 
184 20228 23854 23884 23875 
185 25145 25271 23757 24476 
186 22957 22997 24755 24332 
187 24913 24602 24521 23798 
188 25273 24902 25300 24478 
189 24490 22724 23875 25229 
190 25258 24899 25354 20303 
191 23782 23875 24650 25287 
192 24928 24926 25106 23875 
193 25333 24038 22994 24990 
194 24664 23875 25148 23482 
195 23192 25097 25101 23751 
196 24913 25272 25171 20065 
197 20174 24004 23322 25316 
198 24234 25314 21543 23875 
199 25099 23875 23482 21304 
200 23854 25221 23875 24755 
201 23500 23192 23875 22536 
202 24671 25314 22419 24937 
203 25302 25272 24645 24546 
204 23502 25355 24669 24900 
205 23875 25270 22537 22536 
206 23884 21543 23875 25229 
207 23502 25129 24943 24813 
208 25279 25221 23884 24098 
209 23875 24881 24900 24547 
210 25108 23463 23875 25287 
211 23875 20300 20301 24669 
212 23502 25108 23875 23550 
213 23943 25249 23875 25248 
214 20259 23875 24000 24547 
215 24490 24016 23875 25290 
216 23875 24000 23790 22826 
217 24490 23854 24728 23479 
218 25306 23815 23207 22997 
219 24126 23314 24120 25268 
220 24015 25338 25348 20046 
221 24760 25314 24250 25262 
222 25039 25343 25229 25184 
223 25313 25229 24474 25288 
224 24917 25307 25229 20097 
225 23609 25255 25229 24505 
226 23192 25229 23207 22994 
227 25242 25229 22023 24332 
228 24932 25314 25229 20988 
229 25307 24372 25308 20301 
230 25273 20874 24669 22419 
231 24927 25325 24593 25307 
232 24111 24593 24755 24836 
233 25307 24000 23488 24627 
234 25332 23821 23488 24474 
235 20174 25328 25313 25307 
236 24341 23369 25307 24597 
237 20486 25325 25307 25347 
238 25307 24000 25287 24356 
239 25246 22896 24393 24990 
240 24448 23937 24755 24321 
241 25145 21543 23572 25308 
242 23207 22755 22994 24321 
243 24913 25145 25185 25314 
244 25282 24894 24111 23488 
245 24015 23595 24894 25307 
246 25039 24417 24987 25300 
247 25307 25217 22835 23488 
248 23502 23506 25284 24401 
249 23506 24820 23747 25148 
250 20151 24607 25307 25216 
251 25307 24200 25266 24353 
252 25079 24000 25269 24986 
253 25325 24417 23884 25307 
254 25325 25347 20967 20048 
255 20151 23796 24038 25000 
256 24917 23569 23572 25134 
257 25329 24607 23854 25225 
258 25349 25039 24974 23444 
259 20224 20551 25307 22421 
260 25272 25273 25244 25062 
261 24225 23796 24034 22995 
262 24927 24926 25271 25148 
263 24964 24913 25273 24894 
264 23237 24593 24198 24990 
265 25184 20576 20575 20227 
266 24964 25272 25273 25307 
267 25145 25307 25218 22827 
268 23502 23871 24691 20258 
269 25272 25253 25242 24990 
270 25339 25343 20967 25300 
271 23884 25129 25270 24000 
272 23798 24952 25335 25334 
273 25113 23314 25299 25307 
274 24918 24234 23234 25307 
275 20126 25062 25063 25242 
276 24673 25307 24690 25318 
277 24918 23237 25282 20967 
278 25308 25218 24755 23751 
279 20381 24786 25267 23765 
280 24913 25307 20668 24555 
281 23502 25144 25039 24015 
282 24665 25269 20305 22826 
283 25282 20300 20301 24630 
284 20259 23192 23884 25266 
285 25329 24417 25307 24321 
286 25216 24295 20300 20301 
287 21543 25270 25266 22827 
288 25099 23594 24521 25269 
289 25304 20169 25314 25219 
290 20291 25314 24732 24474 
291 23775 24898 25064 24518 
292 24490 25314 25326 24288 
293 25277 24521 25326 24288 
294 20291 22724 25218 25300 
295 25285 25318 24755 25290 
296 25261 25260 25314 22509 
297 25325 25108 25106 24321 
298 20874 25106 25314 24288 
299 24833 24903 20097 25287 
300 24932 25288 25291 25340 
301 20381 24192 22537 22536 
302 25129 25314 22993 25287 
303 25355 23821 25039 25218 
304 23500 23237 25268 23287 
305 25079 24734 25268 24107 
306 25305 24833 22957 20874 
307 21037 23884 25314 24901 
308 25039 25321 25314 23087 
309 24664 24917 25314 24000 
310 25133 25314 25287 21369 
311 22455 23773 23609 25314 
312 25221 25314 23797 24547 
313 23596 25314 25269 24943 
314 20291 23596 25314 21304 
315 20174 24192 25314 20303 
316 24665 25314 20523 25334 
317 25338 25344 23792 25326 
318 23506 24683 25338 22198 
319 22460 24071 25338 23086 
320 25079 23751 23757 20988 
321 24401 25338 22896 24000 
322 22997 23462 20046 23479 
323 25305 24927 23237 22455 
324 25357 25338 24650 25219 
325 24913 25092 25329 23798 
326 25234 25238 25348 25316 
327 25336 23594 23751 24478 
328 25306 23550 24041 24836 
329 25254 25255 25338 22896 
330 25097 25218 22993 24953 
331 25108 24777 24417 23462 
332 24490 24369 23481 23480 
333 22997 22827 23757 24478 
334 25246 25062 25291 20988 
335 25339 25341 25108 24777 
336 25328 25349 25101 24958 
337 23844 23530 25292 20988 
338 24225 25349 25338 22994 
339 25112 25111 24514 25287 
340 25133 20099 22994 20428 
341 20994 24369 24071 24000 
342 25349 24034 25268 25287 
343 24777 25338 25340 25263 
344 25098 25308 24986 24288 
345 25063 24899 24238 24272 
346 25304 24369 25284 25113 
347 25098 24417 25228 24880 
348 23446 23894 23896 24880 
349 24684 23871 24272 24880 
350 20994 25329 22957 25111 
351 24664 20518 20428 24272 
352 24671 25279 24272 24880 
353 24627 24272 24880 24547 
354 20291 22724 23797 24552 
355 23234 20258 25249 24474 
356 23757 24476 24478 25315 
357 23234 24111 25347 20047 
358 25221 24903 25222 24408 
359 25341 24881 20064 20314 
360 25210 25340 25337 24408 
361 25357 24927 24777 23550 
362 25121 25210 24631 23798 
363 25004 24631 20523 25316 
364 23821 25284 24631 23765 
365 25322 25284 25111 24777 
366 24927 23506 24926 23234 
367 24631 22835 24295 23482 
368 24631 25148 24295 20048 
369 23943 24192 25210 24631 
370 25350 23234 25279 23757 
371 24684 20178 24631 20048 
372 25113 25106 24777 25210 
373 20519 20518 24521 24880 
374 24665 22536 24880 20142 
375 25225 25100 22021 22023 
376 24341 25284 24777 25004 
377 25100 24777 25004 20522 
378 25038 25108 25121 25210 
379 25272 24903 23907 22536 
380 24926 25343 25210 25290 
381 22198 20006 23569 24728 
382 24913 25145 25092 23314 
383 20006 25308 25333 20022 
384 24227 25322 24221 22997 
385 20006 24372 25308 25268 
386 21543 20006 24372 25333 
387 25353 20006 20065 22023 
388 24602 24038 23207 22993 
389 23871 24671 20178 24979 
390 23871 22963 25113 23595 
391 23747 20006 25308 25218 
392 23821 22957 20006 24813 
393 24760 23237 22198 20022 
394 20291 22724 25344 24979 
395 25358 20291 22198 24476 
396 23572 25344 25308 24943 
397 21344 23572 24979 25266 
398 25280 23609 23550 23572 
399 23937 23278 21344 24372 
400 21344 24881 24836 23084 
401 21344 23907 25344 25333 
402 24208 25129 24206 24990 
403 24372 23572 25344 24038 
404 20174 25285 21344 23815 
405 21533 25344 24958 25292 
406 25212 23609 23319 23463 
407 25112 25290 21933 23757 
408 25302 24341 25133 23550 
409 24234 25267 22835 25175 
410 24975 23444 23445 24899 
411 24192 23444 21543 25291 
412 24683 24917 21533 25333 
413 21533 23796 22994 25292 
414 25112 25111 20576 20575 
415 25258 25354 20523 20524 
416 25321 25101 23798 24474 
417 20259 20258 25249 25248 
418 24663 24669 25263 25262 
419 24192 23773 25254 25175 
420 23871 20178 25184 25359 
421 24833 25133 24902 23790 
422 20258 25252 24119 24901 
423 24234 25351 25270 24034 
424 24234 24833 25279 21533 
425 24833 20874 23550 23087 
426 25355 23500 25099 20046 
427 21533 20065 20304 23765 
428 25212 22957 20874 25129 
429 20486 23535 23315 23594 
430 20258 24881 24034 20079 
431 25341 25097 21533 24547 
432 24760 25144 25341 25300 
433 20259 23319 21533 20064 
434 24016 21533 24881 20046 
435 24234 23234 25221 21533 
436 25100 25098 25222 23087 
437 23500 23595 21533 24295 
438 21533 20576 20575 24547 
439 21533 22537 22536 24552 
440 21533 21369 20668 24551 
441 24119 23479 23765 20524 
442 23319 25249 25268 20576 
443 23773 25331 22537 22536 
444 24347 24475 24902 23907 
445 23609 21037 21543 23488 
446 23506 24247 21543 20314 
447 23502 25285 24474 25290 
448 23596 25270 24119 23479 
449 24225 21543 22994 24004 
450 21543 23796 21369 20988 
451 25350 23798 24041 23109 
452 24932 25313 20874 24474 
453 25305 24928 23506 23518 
454 24208 24683 20663 20355 
455 21543 25333 25340 25337 
456 22455 23943 21543 25308 
457 24368 24111 21543 23881 
458 24671 23569 22827 24937 
459 20099 24987 24115 20428 
460 25305 25321 25099 25287 
461 22455 25341 25249 20080 
462 24760 22455 23854 25248 
463 21543 25270 23797 22826 
464 23500 24665 24547 24812 
465 24927 25039 23727 24777 
466 23234 20259 25256 25345 
467 24683 22198 25300 24478 
468 22198 23907 22835 23488 
469 25144 25313 25242 22198 
470 24938 22198 24295 20304 
471 24927 24063 24926 23569 
472 23871 23569 24728 25228 
473 24684 25184 23488 24198 
474 25272 23569 24728 24372 
475 23237 23569 24372 23572 
476 23569 23572 25333 20428 
477 23569 24372 23572 25333 
478 25097 23569 24881 25222 
479 25321 23569 21369 24550 
480 23234 25129 23569 24474 
481 25313 25113 24777 24119 
482 24683 20486 23572 24990 
483 23506 24926 23572 25271 
484 24928 25092 25329 23572 
485 25304 25271 25148 25219 
486 25285 25284 23132 24777 
487 25038 25145 25092 23572 
488 25325 25285 24728 23572 
489 25064 24372 23572 25333 
490 24558 23572 23796 25300 
491 25325 24596 23815 23462 
492 24918 24926 23572 25333 
493 24372 23572 23792 22993 
494 25350 24369 22995 22994 
495 24964 24913 24041 22994 
496 25144 20994 25221 20099 
497 24607 23535 24200 24755 
498 25355 25305 25285 23572 
499 23572 25269 25335 25334 
500 23572 24474 25300 23765 
501 25305 24665 23572 23751 
502 24671 23572 23989 24813 
503 23232 22724 25299 23572 
504 25304 25355 24015 23572 
505 23907 24663 25264 25262 
506 24475 23907 25248 25220 
507 24833 23595 23790 24041 
508 25357 24928 24247 24372 
509 25133 24372 25287 24627 
510 24833 25039 20099 20428 
511 23797 24034 22995 22993 
512 24490 24596 24943 23086 
513 24684 24894 24728 25175 
514 25302 25112 25111 25121 
515 24927 23237 22957 24728 
516 24760 25351 25359 24900 
517 23609 24728 25248 24900 
518 24607 24728 23797 20048 
519 23747 25238 25101 24728 
520 25272 25321 24015 25099 
521 23482 23011 20304 24546 
522 23821 24669 20048 24546 
523 24607 25270 24755 24476 
524 24732 24734 24881 25318 
525 23512 25112 25236 25000 
526 20486 25341 24881 25326 
527 24596 25308 25316 25315 
528 24401 23319 23369 23798 
529 23937 23775 24518 23011 
530 23781 24881 24200 24663 
531 24691 23513 23512 25254 
532 25096 25280 24514 24034 
533 25341 25343 24881 23488 
534 23518 24063 20224 25342 
535 25358 23207 22995 22755 
536 25247 25256 23894 23896 
537 23871 25345 24663 24356 
538 25259 25258 24881 25337 
539 22957 23797 24038 22993 
540 25321 25111 24902 25342 
541 24918 23790 24987 24952 
542 25347 25148 20047 24953 
543 22957 24016 23535 24015 
544 23502 24593 25184 25290 
545 24670 25270 23765 24552 
546 25285 20291 24417 23881 
547 24608 24041 24332 25248 
548 20259 20258 20080 20299 
549 21727 24902 24937 24813 
550 23534 24881 24650 24553 
551 23512 24979 25345 23287 
552 23207 22755 25269 25268 
553 25272 25245 25308 24711 
554 23854 23535 25255 25175 
555 25329 24015 25270 23479 
556 25306 24913 22957 25112 
557 23782 23285 23797 25228 
558 25321 25287 25300 24669 
559 23234 20097 21933 20079 
560 24760 25329 25270 23765 
561 21037 20064 25308 23322 
562 23315 25270 24119 24645 
563 25333 22995 22994 24321 
564 25333 23815 22997 22755 
565 24894 25344 24755 25334 
566 25339 25259 25258 25242 
567 25336 23781 20523 20518 
568 25322 25225 24777 24597 
569 25339 25259 25354 20064 
570 25256 25260 20063 20304 
571 24192 23773 25253 20063 
572 25244 25253 25242 20518 
573 24341 23796 23207 22994 
574 24671 25260 23594 22536 
575 24111 24593 23479 25264 
576 25321 25100 25101 20065 
577 25129 20064 24474 25263 
578 23782 20064 20097 25263 
579 23502 20063 25287 20048 
580 25258 25354 24476 24478 
581 25341 20518 25342 25359 
582 25252 25064 25340 25337 
583 25339 25252 23479 23765 
584 22957 24015 25256 20063 
585 24665 25339 25252 24900 
586 25259 25258 20519 24630 
587 20064 20063 24295 24554 
588 24670 20126 20065 24669 
589 25305 20519 20314 24546 
590 25341 21037 20064 23797 
591 24665 20259 20291 25129 
592 24918 20151 24119 23479 
593 20523 20097 25287 24356 
594 25221 25099 20065 25216 
595 24918 24963 23854 20064 
596 20259 20258 20314 23087 
597 24665 23234 20063 24986 
598 25253 20063 20668 24810 
599 25282 20063 20304 24943 
600 23798 24321 20301 20299 
601 25258 25354 20524 24630 
602 20258 24016 23765 24813 
603 24665 21933 25264 20522 
604 23500 20064 24107 23989 
605 25305 20151 20064 24553 
606 20063 20314 20300 20301 
607 24760 20259 20258 20063 
608 20259 20063 24107 23989 
609 21037 25252 20518 24813 
610 20064 25287 20576 20575 
611 24918 24913 20259 20063 
612 20080 20063 20079 24552 
613 24671 25253 20519 20303 
614 20259 25252 20518 23790 
615 25221 20519 20518 20064 
616 25336 20519 22827 21369 
617 20126 20258 20063 24551 
618 20080 20064 20079 24813 
619 21727 20178 24663 24555 
620 20291 20874 20305 22826 
621 20228 23609 21037 20230 
622 23315 25254 25256 25255 
623 23279 24015 25064 20518 
624 21727 20065 20226 20227 
625 22963 20518 20064 25269 
626 20575 20299 20048 24553 
627 25253 20065 24813 24554 
628 20519 20046 24987 23479 
629 24683 20486 25236 24903 
630 23609 21037 25259 20522 
631 20381 23277 25267 20299 
632 25269 25268 24356 25262 
633 23792 20097 24900 24901 
634 20258 24732 24734 24900 
635 20065 23482 20305 22826 
636 22455 23943 20522 24552 
637 23773 20080 20522 20575 
638 20258 25321 23609 25099 
639 21727 20522 20079 24546 
640 20126 23727 22957 20522 
641 25252 23790 22755 24900 
642 20259 20258 20300 24901 
643 25259 25258 24990 20522 
644 20523 20065 20575 20299 
645 20523 23989 20576 24552 
646 23821 25097 24474 24900 
647 25358 23609 20065 25218 
648 25249 20080 20524 24555 
649 20523 20522 20079 24813 
650 23773 20523 22755 24943 
651 20258 25099 25098 20065 
652 24918 24665 23232 20668 
653 25100 25101 20523 25291 
654 24332 23481 23480 24937 
655 23234 24192 20224 20551 
656 24192 23444 23775 24900 
657 24368 20519 25000 25335 
658 23237 20519 20518 20302 
659 20151 23535 23797 24555 
660 24913 24475 23790 25220 
661 20099 25268 22537 20428 
662 24016 20518 24669 24546 
663 23594 20519 20079 24645 
664 20518 20300 20301 24098 
665 25252 20518 22537 24551 
666 20259 20519 20518 25342 
667 25305 20151 24903 24902 
668 25221 25098 20519 23765 
669 24684 23871 20178 20522 
670 20258 20523 25359 20524 
671 23192 20080 20523 23751 
672 23609 25129 25268 20522 
673 25256 25259 23594 20522 
674 23871 24670 24593 25299 
675 24833 23790 25337 20524 
676 25099 20097 22537 20522 
677 25351 25249 20576 24900 
678 20126 20576 20575 24901 
679 20486 24597 22835 23488 
680 20126 23727 20230 20523 
681 20151 25096 23884 24901 
682 24665 20523 20524 24329 
683 25253 24593 20552 20225 
684 22455 24417 20523 24119 
685 24917 23797 20304 24900 
686 25336 25337 24901 24552 
687 25272 20126 23727 24546 
688 24964 23854 21037 25249 
689 25279 24938 24937 20524 
690 23796 22993 20576 20524 
691 24760 25106 24987 20524 
692 23234 21037 20524 24630 
693 20523 23462 20079 20524 
694 23790 24321 25287 20524 
695 25306 20080 20524 23084 
696 23322 25248 24901 24553 
697 25246 25242 22021 22023 
698 25247 25063 23894 22021 
699 24111 22896 22021 22023 
700 25341 24899 22021 22023 
701 25358 23894 23896 20097 
702 25062 25063 22021 22023 
703 22021 24321 24476 25316 
704 25064 23896 22021 22023 
705 23500 24833 23446 23896 
706 25063 22896 24393 22021 
707 20224 20551 22021 20552 
708 23773 25252 25354 22021 
709 25272 24475 22021 25220 
710 25272 25062 22021 24943 
711 25252 25064 25242 22021 
712 24963 20258 24732 22021 
713 25247 25063 22896 22023 
714 23319 25064 22896 22023 
715 25063 24899 22896 22023 
716 21727 22896 22023 25184 
717 25242 22023 20300 20299 
718 25253 25242 20046 23765 
719 25259 25258 25354 22023 
720 25361 22460 22896 24393 
721 20291 25280 24732 25300 
722 22550 21866 22896 25268 
723 21727 25261 23613 22896 
724 25247 22896 24990 24321 
725 25341 25256 25064 25242 
726 23278 25230 23270 22896 
727 25246 25242 22896 24518 
728 22963 23896 24690 25318 
729 25039 25325 25246 22896 
730 25261 23613 23615 22896 
731 24833 24071 22896 23790 
732 25341 25247 25242 22896 
733 20486 25246 25293 25292 
734 20126 23727 25356 22896 
735 24918 24234 23234 24478 
736 23315 25261 22896 23084 
737 25245 24393 25291 23530 
738 25339 25064 22896 25345 
739 20224 20551 24593 23550 
740 24227 24401 24192 23446 
741 25336 25343 22896 25340 
742 25254 23894 22896 24238 
743 25258 24990 24321 25290 
744 23535 25254 25255 20302 
745 25341 24898 25242 24627 
746 25247 25255 23894 22896 
747 24665 24898 25242 20305 
748 25254 25255 24393 20314 
749 25254 25255 23894 23896 
750 24684 25339 25341 22896 
751 20224 20551 25253 22896 
752 25253 22896 23790 20097 
753 25242 24393 25264 25263 
754 20224 20551 25255 22896 
755 25336 20381 24975 25337 
756 24670 25256 22896 20097 
757 25253 25242 25263 25262 
758 20178 25246 25243 25262 
759 25242 24393 25184 25342 
760 24898 25356 25129 23765 
761 20259 22896 22419 24937 
762 25336 20381 23775 25343 
763 25255 23790 25359 20227 
764 25302 24234 23550 24332 
765 25129 23550 24221 24038 
766 25108 24777 23550 24239 
767 20486 23550 25217 24953 
768 20486 25106 23132 23550 
769 23513 25269 24690 25318 
770 25350 24341 23815 24038 
771 24502 24369 24071 23796 
772 24898 23550 20967 25248 
773 24016 23854 23535 25359 
774 25259 25354 23550 23790 
775 25038 22724 23192 25113 
776 25039 24016 25100 24777 
777 23192 23596 23482 24990 
778 24963 24917 23550 20314 
779 21037 23315 23479 23765 
780 23534 25100 23550 24000 
781 20291 24899 23894 23896 
782 24913 25062 25267 24663 
783 25185 25092 25245 25244 
784 24608 24015 23609 23315 
785 23937 23894 24550 20142 
786 25341 23894 23896 25337 
787 24683 24665 25246 23894 
788 25063 25064 25242 20097 
789 25357 25247 23894 23896 
790 25063 23896 24393 24937 
791 20126 23446 25264 25359 
792 23773 23896 20576 21304 
793 23446 25258 25354 23894 
794 24192 23446 23894 23896 
795 23446 23894 23896 20575 
796 25247 25258 25354 24136 
797 25336 25246 23896 24000 
798 25272 25245 24899 23595 
799 25242 24393 25175 25342 
800 25341 25246 25064 24393 
801 24558 25247 25242 23596 
802 24393 23796 22755 22994 
803 24899 25242 24732 24393 
804 24963 24760 24899 25242 
805 24902 24596 24519 23989 
806 24928 24926 25121 24476 
807 22550 24596 22827 21369 
808 24514 24596 23628 25340 
809 24341 24401 23285 24597 
810 21229 24902 20097 20099 
811 23237 25234 24111 24593 
812 25286 25224 25223 23132 
813 24785 25234 25238 24514 
814 24502 24903 24221 22392 
815 25350 24221 24041 23207 
816 24670 20259 24938 24952 
817 25325 25113 24597 22834 
818 24502 24038 22995 24953 
819 24192 24975 23444 24596 
820 23369 24126 24596 23011 
821 20151 23276 24596 24986 
822 25285 20291 24200 24990 
823 25322 25284 25111 24417 
824 24602 24502 24650 25218 
825 24903 23798 24038 24034 
826 23444 24200 25218 25348 
827 25234 25236 24902 24596 
828 24691 25217 24521 24198 
829 25350 24227 22755 25228 
830 24963 25238 23481 23480 
831 24927 23237 25216 23287 
832 24963 20291 23751 22537 
833 20291 23815 23796 24041 
834 24192 23444 24894 24987 
835 20291 24596 24321 25315 
836 25353 24833 25213 24521 
837 23488 23844 24239 25293 
838 24227 24225 20047 24295 
839 24964 24963 24192 23850 
840 25304 24417 23287 23286 
841 25112 25106 25121 24987 
842 25108 25098 24903 24902 
843 24894 24295 23011 24986 
844 25039 25111 25223 25347 
845 24448 24650 24000 25300 
846 20151 25106 25098 25292 
847 21727 20967 23011 24952 
848 25039 23773 25097 24356 
849 25279 21037 22755 24332 
850 23237 23775 23773 24596 
851 23798 20099 22993 20428 
852 23506 24926 24903 20988 
853 20174 24192 22997 22993 
854 24918 25321 25101 24593 
855 25144 24596 23798 24041 
856 25349 20099 22755 20428 
857 25353 24208 23884 24124 
858 25285 25113 25101 25222 
859 23595 24894 23798 25175 
860 25305 20314 20300 23084 
861 24894 24597 20047 20303 
862 20994 24368 25287 24546 
863 20994 25097 24943 25222 
864 25305 23500 25356 24321 
865 24192 24596 24650 23790 
866 25351 20874 23854 25097 
867 23821 23192 25280 24000 
868 23727 23479 23011 23765 
869 24964 24913 25108 23790 
870 20259 22536 24551 24552 
871 23232 25106 23751 25290 
872 24665 25097 22827 21369 
873 20259 25221 20047 21369 
874 24917 25267 24552 24554 
875 23821 25098 20314 25222 
876 24833 24597 25266 23989 
877 24490 20874 21037 25270 
878 24917 20151 25099 20046 
879 20314 20300 20299 24553 
880 25221 24000 21369 20668 
881 24902 23790 20097 23488 
882 25234 24041 22755 24332 
883 23702 24902 22835 23488 
884 25236 24902 25148 23482 
885 24671 20486 24597 23488 
886 24063 24820 25284 23884 
887 21566 24206 24597 24353 
888 24683 24597 24990 25316 
889 25236 25271 23488 24198 
890 24673 23512 25108 24902 
891 24016 24903 24902 25290 
892 24015 25234 24597 24124 
893 24928 22835 24953 24107 
894 25322 25112 25225 25101 
895 25325 25321 24894 24597 
896 25350 22755 23109 24098 
897 20994 24368 23796 22993 
898 25039 25286 25100 24417 
899 25097 22993 20663 24329 
900 25325 25313 25225 25101 
901 25282 23594 24597 24810 
902 25097 24597 22827 24555 
903 24368 25171 22536 24555 
904 20126 23727 20967 24810 
905 25113 25097 25222 24810 
906 23500 23479 24107 24986 
907 24490 25321 24669 25222 
908 24833 24597 23989 24630 
909 24926 20259 25097 24000 
910 20126 23727 23322 23850 
911 24607 24015 20314 23087 
912 25341 25254 24732 25337 
913 25079 24926 24732 24734 
914 22957 24607 23854 24732 
915 25247 24898 24732 24734 
916 25064 25242 24734 25337 
917 25254 25255 24732 20302 
918 24663 23850 24353 24098 
919 24732 24474 21933 24627 
920 23535 25259 24732 24734 
921 24732 24734 22537 25264 
922 23595 24732 20299 20079 
923 24913 20551 25337 25262 
924 25249 24732 24734 25248 
925 24918 25337 25263 25262 
926 24602 25279 24899 24734 
927 25341 25256 24734 25315 
928 25282 25100 25245 24734 
929 24734 25217 25147 22834 
930 25339 25256 25293 25292 
931 25079 20178 25263 25262 
932 24192 25062 24734 25219 
933 20178 24663 20575 20299 
934 24602 25259 25258 24899 
935 25343 24898 24899 23594 
936 25255 23613 23615 24898 
937 22550 24401 24785 24899 
938 25039 24899 25242 23322 
939 25272 23775 24898 25287 
940 25282 25242 25175 21933 
941 25144 25341 24899 25354 
942 25341 25252 24119 25337 
943 25247 24898 25242 25292 
944 24898 25243 25263 25262 
945 25062 25063 20314 21933 
946 25242 23595 20303 20302 
947 20258 24898 23790 24990 
948 25341 25254 25064 20303 
949 25242 24107 25342 25000 
950 23192 25341 25249 23797 
951 25259 25356 23884 25129 
952 24602 25282 20080 20079 
953 23773 25342 25337 25263 
954 24602 23278 23775 24898 
955 25279 25259 24898 25354 
956 23821 24898 25243 24663 
957 24558 24894 25269 23765 
958 24833 24898 25243 23790 
959 24192 23285 23278 23773 
960 25062 24650 23462 24356 
961 24899 25242 24627 20225 
962 23747 24558 21037 24901 
963 25305 24607 25221 25099 
964 20305 24900 24546 24630 
965 20258 25252 22537 22536 
966 23854 22827 20668 24901 
967 24917 20259 20300 24900 
968 24833 24917 22455 25175 
969 25256 20097 21933 24901 
970 20575 25248 24900 24901 
971 21037 24038 22755 24900 
972 23479 25248 24901 24546 
973 20668 24901 24554 23087 
974 25213 24903 24902 24221 
975 24691 24903 22835 24755 
976 25306 24903 25219 22994 
977 25279 25270 22827 23765 
978 24964 24963 25112 25101 
979 23277 24903 24650 25348 
980 25039 25284 25121 25062 
981 25302 24247 20151 25101 
982 24664 23369 25299 20663 
983 24490 25144 25359 24937 
984 25063 24987 25263 25262 
985 23502 25144 25272 25064 
986 25062 25337 25264 25359 
987 24502 25272 25273 22994 
988 24932 23844 24239 25331 
989 24932 25339 25064 25348 
990 25245 25253 25342 25337 
991 25260 23613 23615 20299 
992 24502 24038 22755 25263 
993 24665 25242 25337 25359 
994 25341 25259 25354 20225 
995 25259 25258 25354 23530 
996 25354 20097 20552 20225 
997 25145 25092 25269 24953 
998 25092 25273 25244 25269 
999 23232 20151 24015 25249 
1000 25261 23613 23615 24943 
1001 20151 25276 20994 23884 
1002 25306 25184 25222 25248 
1003 22537 20079 25248 24554 
1004 24917 25337 20079 24630 
1005 20259 20258 25248 24551 
1006 25039 20080 23884 25337 
1007 24665 20080 20047 20079 
1008 25221 25270 25184 24119 
1009 24932 23500 22536 25248 
1010 20258 20302 20079 22826 
1011 25249 24958 23757 24353 
1012 24673 23871 20080 20227 
1013 24234 25099 25098 20575 
1014 21727 20080 20552 24552 
1015 23232 25249 20080 24669 
1016 23854 25290 25300 20552 
1017 20230 20302 20576 20575 
1018 23775 23773 25218 20575 
1019 25322 25284 25101 20576 
1020 24016 23854 24015 20576 
1021 24234 23234 23315 25218 
1022 23595 23596 24937 24810 
1023 25341 23315 24107 20576 
1024 20381 23276 22421 25134 
1025 25305 25261 25260 23615 
1026 23234 23609 23615 25356 
1027 23192 25112 23613 24474 
1028 20291 25254 25260 25184 
1029 24684 25181 25254 23086 
1030 25358 25261 25260 23463 
1031 25249 20304 20552 22826 
1032 20224 24987 20552 20225 
1033 24341 25254 25255 25253 
1034 24943 24990 20552 20225 
1035 25256 25252 25342 20663 
1036 25256 25291 25264 25359 
1037 24943 20303 24321 20305 
1038 24665 20994 24071 25342 
1039 20259 20258 20552 20225 
1040 24684 23871 22963 25252 
1041 25336 23773 25253 25337 
1042 25255 24958 23530 25293 
1043 20381 25254 25255 25290 
1044 24671 20552 20226 20225 
1045 24684 23871 25181 23112 
1046 25288 25342 25335 25330 
1047 25256 25316 25315 25264 
1048 23319 23792 24990 24329 
1049 25351 25299 24004 24329 
1050 25356 25129 22993 22994 
1051 24918 25258 23790 24669 
1052 24234 25354 23790 24669 
1053 20259 20291 25259 25258 
1054 25079 23609 21037 25356 
1055 25285 25216 24124 25264 
1056 25216 24295 25263 25262 
1057 24490 24670 25240 25238 
1058 23884 25262 20227 20225 
1059 25263 25262 24553 24630 
1060 23747 24015 24518 25263 
1061 25336 25339 23530 25264 
1062 25113 23369 25347 22835 
1063 24490 25113 23369 24593 
1064 24820 22724 23319 23314 
1065 25181 22963 23512 23369 
1066 23502 24234 25096 23369 
1067 23369 23798 24221 24952 
1068 25272 25218 25269 22834 
1069 24192 23773 23369 24107 
1070 23506 25356 24111 24126 
1071 24760 25147 24124 23881 
1072 24295 20314 23881 24630 
1073 20047 24669 20048 24810 
1074 25038 25351 23881 24329 
1075 20178 24111 24663 24690 
1076 25325 24417 24111 25147 
1077 25121 24111 25299 24987 
1078 24111 25299 23287 23286 
1079 25305 21037 24111 24107 
1080 20291 25113 23884 24476 
1081 20381 23773 24111 23011 
1082 24894 24111 24593 25147 
1083 24593 22835 23481 23480 
1084 23482 20314 25316 25335 
1085 24894 24111 24593 22835 
1086 24111 23479 20552 20227 
1087 20178 24917 24111 20301 
1088 24111 25299 25217 20314 
1089 20259 20258 24417 24321 
1090 24665 23192 24111 24553 
1091 25079 25099 24111 22537 
1092 24833 24917 24111 24990 
1093 24665 24111 24553 24552 
1094 25217 24124 24518 23482 
1095 24126 25299 20226 20227 
1096 25112 25111 25100 25101 
1097 25282 25113 24126 24593 
1098 25284 25112 25223 24126 
1099 25358 24126 23797 25300 
1100 25321 23192 24943 20048 
1101 23444 24593 24000 24986 
1102 25181 24593 22835 23322 
1103 21229 22957 23535 24593 
1104 20486 25325 24593 24321 
1105 25357 20486 24593 21933 
1106 25313 24593 25148 24239 
1107 23514 23513 24347 25046 
1108 24928 25285 23609 24474 
1109 25336 24593 22995 24518 
1110 23237 25313 24593 21933 
1111 24593 23790 24321 20048 
1112 25299 25269 25184 20226 
1113 24927 23234 24894 20967 
1114 23237 24894 25147 22835 
1115 24927 25299 25347 22835 
1116 23237 25147 20304 24321 
1117 25325 25322 25111 24593 
1118 24684 24593 24663 21304 
1119 22963 23512 25271 24198 
1120 22455 23943 25106 25097 
1121 25350 25329 23462 25134 
1122 24917 25129 24000 25134 
1123 24401 23285 23276 25299 
1124 25332 24927 23237 25299 
1125 23506 24926 24820 23844 
1126 25286 25224 25299 24755 
1127 24963 25144 24369 24368 
1128 24502 24227 24786 23815 
1129 20224 20551 25184 25337 
1130 25112 25225 25223 25099 
1131 25322 25284 25313 25108 
1132 23463 24519 24518 23751 
1133 21566 23884 25129 23463 
1134 23884 24206 23463 23084 
1135 25350 23463 24038 21304 
1136 24207 23884 23463 24466 
1137 24192 25356 23884 23463 
1138 24963 24917 25133 24987 
1139 24063 22460 25171 23884 
1140 23884 24206 24041 22834 
1141 23871 23884 22835 20304 
1142 24691 22963 20228 23884 
1143 24927 25325 25100 23884 
1144 24673 25349 25039 24663 
1145 24665 25356 23884 20304 
1146 21566 23315 25129 24627 
1147 23884 20046 23479 24555 
1148 25213 24561 24206 25288 
1149 25271 22835 23488 24198 
1150 23319 25356 23798 23751 
1151 24670 20291 21037 25271 
1152 25096 23319 25218 20099 
1153 22957 25129 25347 24000 
1154 24192 25129 20304 20303 
1155 23237 25236 25240 25129 
1156 25236 25240 25238 25318 
1157 22963 22957 25129 24663 
1158 23192 23315 25356 25129 
1159 24665 25129 20314 24551 
1160 25145 25343 25356 25300 
1161 25356 22755 24353 24098 
1162 25329 25113 25106 25356 
1163 24192 24894 24038 20099 
1164 25279 25234 23797 22994 
1165 23500 24684 25356 23751 
1166 24016 23535 25356 24755 
1167 23790 25318 23751 20314 
1168 25285 25106 24288 20301 
1169 24671 24015 21037 24937 
1170 24932 23781 22834 23011 
1171 24894 23797 25268 25287 
1172 25350 24602 24917 25228 
1173 22957 23534 24608 24015 
1174 20381 25218 24107 24356 
1175 23594 25288 25335 25330 
1176 23594 24239 24958 25292 
1177 25302 23821 25285 25101 
1178 23237 25288 25326 25342 
1179 20178 24607 24986 23480 
1180 23871 25351 23287 23286 
1181 24192 23445 23775 24295 
1182 22963 24519 20047 23482 
1183 24918 24234 20151 25279 
1184 20967 20301 20299 20048 
1185 25322 25282 24124 20048 
1186 25285 25313 25148 23482 
1187 25282 24295 20300 20301 
1188 24684 22963 23596 25267 
1189 25349 25268 24943 24474 
1190 23594 23989 20226 20227 
1191 25325 25282 25285 25097 
1192 24347 25325 23989 24553 
1193 24918 24234 20258 23594 
1194 23773 23594 23482 20303 
1195 20259 24015 24943 23989 
1196 21727 20178 25216 24546 
1197 25349 23596 23322 20299 
1198 23232 20151 24607 25222 
1199 24671 25099 25098 24551 
1200 23821 25218 20668 24553 
1201 20994 20381 23775 24553 
1202 25144 25097 23594 24943 
1203 20178 25358 23796 22994 
1204 21727 23237 24938 24937 
1205 25322 25329 25284 24777 
1206 23596 25345 24663 23322 
1207 25271 25148 23481 23480 
1208 24369 24368 22550 24401 
1209 23502 23500 25145 25272 
1210 23502 23595 22834 23488 
1211 25038 25267 22835 22552 
1212 25079 25144 25271 22835 
1213 24918 23595 23596 25318 
1214 24833 25272 25092 20097 
1215 24519 25148 25290 25316 
1216 25304 23506 24369 25171 
1217 21727 20047 23481 23480 
1218 24833 21037 25271 25184 
1219 23500 24918 24115 24353 
1220 24671 24670 21727 20300 
1221 20486 20151 23775 23798 
1222 23287 23286 20304 20305 
1223 20258 23595 23596 20967 
1224 23871 22963 23315 25113 
1225 25111 25106 25098 22537 
1226 25101 23798 20967 23989 
1227 24671 23596 24943 24645 
1228 23192 24627 23765 20355 
1229 25221 24894 23989 25222 
1230 23192 24607 23482 20301 
1231 25282 24417 23989 23765 
1232 23237 25282 22834 20046 
1233 20126 23727 25313 25108 
1234 23821 21037 25347 23482 
1235 21727 23595 23596 24810 
1236 21037 23595 23596 20314 
1237 24558 22957 24016 20355 
1238 23727 21037 25098 24295 
1239 25282 25321 20967 24630 
1240 23595 24810 24552 20142 
1241 25288 25340 24288 24952 
1242 24918 25282 23595 25287 
1243 24227 24225 23796 22995 
1244 24917 23596 25291 23086 
1245 24760 25272 20224 24547 
1246 25039 24417 24514 24518 
1247 24926 25285 24514 23488 
1248 22550 24514 25269 25335 
1249 24514 25217 23815 23488 
1250 24683 24664 25108 24894 
1251 24927 23506 24607 24894 
1252 23775 24894 24953 24198 
1253 23609 24894 25148 23488 
1254 25039 24000 22835 24987 
1255 20381 23277 23775 24894 
1256 24519 25148 20047 24943 
1257 22963 25347 25269 20048 
1258 25332 23535 24417 24953 
1259 23237 25322 24417 24894 
1260 25106 25101 24417 24627 
1261 22995 24953 25334 20299 
1262 25216 23479 25287 24356 
1263 21727 24519 25147 24943 
1264 24917 23797 24038 24041 
1265 25305 23782 23775 23011 
1266 25273 25329 25224 25098 
1267 24760 25144 25272 20301 
1268 23943 24894 20967 24107 
1269 25236 25238 25268 24098 
1270 25325 20874 24894 25287 
1271 24927 25322 25282 24417 
1272 24670 20874 22827 21369 
1273 21727 25272 20151 24016 
1274 25099 24894 25270 23798 
1275 25079 23500 21369 20668 
1276 24918 20151 24894 24474 
1277 25349 25329 25101 25300 
1278 25108 25224 24777 24417 
1279 25328 25326 25300 24288 
1280 25361 24369 25171 24071 
1281 24684 24671 24670 25318 
1282 24664 20099 24943 20428 
1283 25305 22957 24936 24812 
1284 23518 24247 25268 25228 
1285 20174 23444 24000 25291 
1286 24927 23518 24926 23797 
1287 25286 25313 25112 23765 
1288 24041 22995 25228 25000 
1289 24917 24987 24107 24630 
1290 23500 24760 20874 25266 
1291 24665 23609 23315 21369 
1292 25321 20967 20300 24554 
1293 24671 23234 23232 20225 
1294 22963 24690 25318 23086 
1295 24671 24670 22724 25300 
1296 24684 23512 24663 23488 
1297 23513 20967 24663 23488 
1298 25270 25148 20046 23488 
1299 23514 23512 23232 23112 
1300 25113 24663 24239 24958 
1301 23871 23512 25282 24663 
1302 24928 25269 23481 23480 
1303 25305 22963 23512 24663 
1304 22963 23512 24200 24690 
1305 24673 23871 24521 24198 
1306 22963 23315 25218 21304 
1307 21727 20967 24663 20048 
1308 24684 23871 23512 24663 
1309 24928 23821 24107 24474 
1310 21727 20178 25216 20047 
1311 24684 22963 23727 23765 
1312 24671 25347 24200 23482 
1313 25106 20099 20302 20428 
1314 20874 20228 20230 24943 
1315 24663 23989 20226 20227 
1316 24671 24663 24547 24554 
1317 25357 24341 20151 25098 
1318 20178 25096 24034 24546 
1319 23747 24690 25318 23086 
1320 23514 23512 22957 25318 
1321 24673 25096 24690 25318 
1322 24690 25318 25288 25330 
1323 23514 23513 24690 25318 
1324 23112 24690 25318 23084 
1325 24926 20486 23479 23765 
1326 20230 24690 25318 20226 
1327 23502 25096 24474 25300 
1328 20874 24016 23792 24755 
1329 24401 23285 23276 25184 
1330 24664 25291 23530 25293 
1331 24691 23513 23512 23530 
1332 23702 24221 24034 22993 
1333 24673 23514 23513 25345 
1334 25322 25313 25113 22834 
1335 25181 23512 25285 25348 
1336 25361 22460 24369 25348 
1337 24347 20126 23792 20097 
1338 23943 23315 25184 24321 
1339 23747 24521 23796 23286 
1340 24670 20178 25313 24521 
1341 20174 25217 24519 20967 
1342 20230 23796 22755 20428 
1343 24673 25144 25276 24369 
1344 24673 22963 20178 25184 
1345 24670 20301 20299 20227 
1346 24673 23871 23482 23286 
1347 24964 24760 25144 23727 
1348 24673 23871 24691 23782 
1349 24475 25096 25184 24669 
1350 24015 25148 25184 24295 
1351 25279 20047 23482 25290 
1352 20552 20226 20225 24645 
1353 24356 25000 25335 25330 
1354 21727 20994 23482 20048 
1355 20178 23287 23286 20048 
1356 23192 23751 23989 24551 
1357 24917 25133 25270 23765 
1358 25099 25270 23479 23765 
1359 25305 25096 23797 24990 
1360 24490 25270 20046 23479 
1361 24913 23192 23319 24943 
1362 23315 24938 24466 24813 
1363 25217 25148 25184 24295 
1364 20126 23727 25184 20314 
1365 21727 20178 25184 23011 
1366 24671 20552 23765 20226 
1367 20047 24295 24669 24810 
1368 24607 25221 25184 23087 
1369 25181 24519 25318 24518 
1370 21727 25318 20552 20225 
1371 20099 22994 25291 20428 
1372 23513 25318 20304 20302 
1373 25096 23798 20097 25269 
1374 23821 23751 24476 25315 
1375 23506 23518 20994 24986 
1376 24015 25270 25175 20988 
1377 24918 23609 25097 25175 
1378 25328 25266 25326 24288 
1379 25038 25350 23796 23207 
1380 25347 25267 25266 23482 
1381 25267 25266 23751 24321 
1382 23798 25267 24115 24353 
1383 24918 20151 24650 25267 
1384 23798 22997 23462 22994 
1385 24670 25351 23775 23773 
1386 24225 25148 25268 23488 
1387 25336 25358 25133 23446 
1388 24928 24820 24247 25268 
1389 25304 20169 25269 25268 
1390 25349 25112 25271 20967 
1391 25284 25113 25100 25268 
1392 25133 23207 24474 24986 
1393 24932 25268 22537 22536 
1394 25313 25269 24474 25291 
1395 25347 25269 22835 23488 
1396 25284 24521 25269 22835 
1397 25284 25113 23796 22994 
1398 23234 25282 23482 24990 
1399 25325 25282 20047 24295 
1400 25313 25108 25121 25287 
1401 25332 20381 23773 25269 
1402 20259 25113 25269 20302 
1403 21229 22957 23534 23854 
1404 25079 24200 25348 24239 
1405 24341 22755 25345 24952 
1406 25305 25270 20046 22827 
1407 23727 25270 20046 23765 
1408 20151 25321 20046 23479 
1409 25144 25098 25270 20046 
1410 20994 24938 20046 23850 
1411 23609 24000 20046 25300 
1412 25361 24369 24071 20047 
1413 24927 24490 23234 24295 
1414 20486 20047 24295 24518 
1415 20047 23482 23844 24958 
1416 20047 24239 23530 20988 
1417 24691 25148 20047 23011 
1418 25304 25305 24927 23506 
1419 23500 25313 20047 24124 
1420 25321 24417 24295 23482 
1421 22963 24521 20047 20048 
1422 20047 23287 23286 24669 
1423 25106 25221 25347 24943 
1424 24670 24607 25271 20047 
1425 24927 23237 25147 24295 
1426 25221 25097 20047 23011 
1427 25217 23796 24041 22994 
1428 25347 22835 24986 20302 
1429 24833 20259 25287 24627 
1430 23192 20967 23482 20303 
1431 24833 23790 20047 25222 
1432 24670 20047 22536 24810 
1433 21727 20178 20994 24943 
1434 24670 20178 20967 24810 
1435 23609 20314 21933 24630 
1436 24607 20047 24669 24810 
1437 25321 25099 24107 25334 
1438 20047 22537 22536 24810 
1439 20259 25098 25097 23087 
1440 20967 20302 24813 24554 
1441 25171 25271 20967 20048 
1442 25171 25271 24990 20048 
1443 24607 22827 20048 23481 
1444 25101 20304 20305 20048 
1445 20291 24221 22994 20048 
1446 25347 23482 20300 20301 
1447 23237 25271 24986 20048 
1448 25347 25148 20988 20048 
1449 25347 23482 24321 25290 
1450 24932 25347 22834 20048 
1451 23821 25285 23790 20226 
1452 22963 25148 20967 20048 
1453 24502 25111 24519 24038 
1454 25276 24368 25347 20048 
1455 25079 23943 23192 25097 
1456 21727 20178 23989 24554 
1457 23237 25039 20048 24645 
1458 24918 24234 25321 25222 
1459 24918 24990 20048 24554 
1460 25223 25100 25148 24518 
1461 24192 24975 20967 25300 
1462 24691 21037 25147 20967 
1463 24502 24519 23796 22995 
1464 23502 24927 25100 20967 
1465 24602 25112 25216 24124 
1466 25350 25217 22993 22755 
1467 24369 25171 20259 25290 
1468 25305 23500 20126 23727 
1469 20967 20314 24669 25220 
1470 23237 25097 24321 24553 
1471 23500 23989 24551 24555 
1472 23500 25313 25108 24555 
1473 23943 25097 23322 24810 
1474 20259 24295 23989 24555 
1475 23500 20994 24475 24943 
1476 23775 24295 24551 24555 
1477 25305 20174 20126 25287 
1478 25284 25112 25111 24038 
1479 23285 24650 22834 23011 
1480 20174 24347 25325 22834 
1481 25181 24518 25293 25292 
1482 24227 24225 22994 25363 
1483 24401 24448 23446 23319 
1484 25325 25322 25284 22834 
1485 24671 20228 23112 22834 
1486 25282 25217 24519 25147 
1487 25147 22834 24124 23482 
1488 25171 24071 21037 25100 
1489 25325 23192 25279 23751 
1490 20174 25148 22835 23488 
1491 25339 25039 25343 24777 
1492 21037 25111 22835 24476 
1493 25271 25347 22835 24239 
1494 23502 25217 22835 23488 
1495 25271 22835 23488 23482 
1496 25351 25347 22835 23488 
1497 23462 22835 23488 23084 
1498 25284 25101 25347 23482 
1499 25288 25326 25340 25342 
1500 25347 24474 24321 23757 
1501 24192 23782 23444 20099 
1502 25291 25292 23481 23480 
1503 25332 25286 20300 20299 
1504 24964 24760 25271 23011 
1505 25106 25100 25101 23798 
1506 23500 25099 23287 23286 
1507 25282 24124 23011 24474 
1508 25171 24521 25148 23286 
1509 25271 23287 23286 24669 
1510 24673 25181 23192 24943 
1511 25286 25224 24417 23286 
1512 25079 25270 24119 24645 
1513 25079 23797 23530 20988 
1514 23462 22993 22994 23287 
1515 24225 23815 23479 24990 
1516 24607 23479 20225 24645 
1517 25270 23479 20314 24547 
1518 23500 23234 25270 23479 
1519 24673 25347 24198 23480 
1520 25288 24288 23481 23480 
1521 25217 25148 23481 23480 
1522 24963 25271 23482 23480 
1523 23821 24558 25112 25223 
1524 24321 25290 23757 25316 
1525 23518 25328 25285 25100 
1526 24928 23518 24063 24107 
1527 25148 23482 25291 23530 
1528 25284 25112 23488 24474 
1529 25325 25280 25217 23488 
1530 25147 23488 20303 25337 
1531 21229 24608 23488 23087 
1532 24936 25271 25148 22827 
1533 23512 23488 24474 25290 
1534 25181 20874 24607 23751 
1535 25181 25271 23488 24295 
1536 25271 23797 22755 24198 
1537 24670 25271 23488 24198 
1538 23514 25181 23513 23488 
1539 25096 23354 23488 23087 
1540 25306 24347 25271 25347 
1541 25039 24521 25147 23488 
1542 23513 25347 24521 23488 
1543 21727 23192 24938 25099 
1544 24670 25111 25270 24119 
1545 25285 24119 24107 24356 
1546 24607 24015 24124 20227 
1547 22997 21933 20300 24669 
1548 23232 25321 24000 24553 
1549 22957 24015 25216 23797 
1550 24932 24518 24958 25293 
1551 25038 25108 24518 24474 
1552 23502 24928 24926 23462 
1553 24602 25361 22279 23462 
1554 24926 25279 23319 20988 
1555 20178 24347 20230 24474 
1556 23279 25290 23757 24476 
1557 24519 23796 24518 20428 
1558 20486 25282 25321 25343 
1559 25133 22509 24650 25348 
1560 24927 24928 25285 25106 
1561 23844 24239 23530 25293 
1562 25325 25285 24990 24321 
1563 25304 24928 24247 20668 
1564 25305 25144 25329 24521 
1565 25350 24602 22993 22755 
1566 25313 25271 24200 25148 
1567 25148 25290 25300 25315 
1568 25351 25329 25112 24777 
1569 23506 24918 25133 25287 
1570 24192 24607 25222 24813 
1571 25039 23534 25098 20300 
1572 23534 25108 25270 20097 
1573 24917 24475 25098 23087 
1574 24607 25270 23790 22827 
1575 25079 25321 25313 25112 
1576 22460 24369 22509 23086 
1577 25302 24928 24820 22737 
1578 24225 22737 25218 25000 
1579 22737 25326 25000 24952 
1580 23937 23444 23445 22737 
1581 25357 20169 23237 24000 
1582 24000 24943 25326 20314 
1583 24000 25218 24038 22993 
1584 25325 25286 25100 25101 
1585 25221 25098 24000 25218 
1586 24347 23234 24000 23797 
1587 23609 24107 23850 24098 
1588 20381 23775 25099 21369 
1589 20874 24000 25342 24554 
1590 24673 24691 22963 24200 
1591 23192 24015 24200 25315 
1592 25218 24288 25337 24356 
1593 24913 25145 25273 24200 
1594 24927 23506 25219 20302 
1595 25285 24650 25228 25335 
1596 25322 25313 24200 24650 
1597 25121 25098 25218 25348 
1598 24917 23773 25218 25219 
1599 22550 24401 24650 25291 
1600 25348 24958 25293 25290 
1601 24691 25348 24958 25293 
1602 20381 24192 23751 24476 
1603 24664 24650 23796 24038 
1604 25218 25290 23757 25315 
1605 21229 23535 24990 24356 
1606 24932 20381 23773 25218 
1607 23854 23535 25218 23797 
1608 25218 23798 25219 20305 
1609 23727 25219 23850 24353 
1610 24963 24917 20259 25218 
1611 25304 22455 24777 25219 
1612 25038 25313 25348 22552 
1613 25348 25291 24239 23530 
1614 24227 24347 25341 20097 
1615 23500 24347 23192 22537 
1616 24833 25099 20097 25222 
1617 23234 20099 22993 20428 
1618 24602 23796 20099 20303 
1619 20258 20099 20428 24554 
1620 23502 25355 25332 23821 
1621 24221 24038 22997 22994 
1622 25306 24502 24225 22755 
1623 25079 23518 24234 24038 
1624 24225 23796 24041 22755 
1625 24602 23727 23798 22755 
1626 22993 22755 24239 20663 
1627 24928 24038 22755 22994 
1628 24928 25328 25349 22994 
1629 24341 23796 23207 22993 
1630 25350 20126 25279 22993 
1631 21037 23796 22993 22994 
1632 25279 23797 22993 25220 
1633 24063 24926 24820 24247 
1634 23815 23792 22994 23844 
1635 24347 24369 25171 22994 
1636 24341 20126 20258 23319 
1637 25350 25039 22957 23796 
1638 22997 24755 23844 20988 
1639 24932 24192 22997 23844 
1640 24691 22963 20188 23462 
1641 22957 23854 23462 24332 
1642 24833 23773 23751 20302 
1643 25357 25355 24928 24926 
1644 25336 24913 25343 23790 
1645 23500 24833 20303 20302 
1646 24227 23792 23796 24221 
1647 25322 24777 23792 23530 
1648 24341 23798 24474 25290 
1649 25351 23796 24038 24329 
1650 24928 23319 23798 23792 
1651 20874 24417 23792 24107 
1652 25144 22957 24608 23792 
1653 23821 25113 23792 24551 
1654 25133 23727 25285 25099 
1655 20305 24669 20552 20225 
1656 25302 23821 23796 24478 
1657 23502 24927 23319 24038 
1658 25305 20151 23797 25290 
1659 25313 25100 23798 23751 
1660 25305 23798 24812 24550 
1661 25113 25225 25224 24038 
1662 24671 24015 20355 24630 
1663 24927 25112 25111 24034 
1664 25358 25133 23727 24221 
1665 24227 25106 24417 24221 
1666 24225 24785 23937 21037 
1667 24227 24347 25290 23086 
1668 24227 24192 24107 25228 
1669 25112 25121 20305 25316 
1670 24341 24015 25224 23086 
1671 23192 25224 25290 25316 
1672 25355 24347 24368 24288 
1673 20174 24913 24347 25329 
1674 24664 25306 24321 24476 
1675 24602 25133 23757 24332 
1676 25325 25108 25100 25101 
1677 20994 25313 25106 25101 
1678 23502 23943 24645 24546 
1679 24833 25284 24417 23844 
1680 24833 25322 25100 25101 
1681 23821 23234 25284 25111 
1682 24833 25284 25313 25108 
1683 24015 24417 20299 24645 
1684 24913 25145 25273 24755 
1685 24913 24760 25285 25340 
1686 24665 24964 24760 20301 
1687 25306 23319 25234 25334 
1688 25272 20228 24015 20230 
1689 24963 24760 25144 25272 
1690 24964 24760 20291 25300 
1691 24760 25349 25108 24943 
1692 24234 24760 23232 24368 
1693 24963 25322 25108 25334 
1694 25092 23844 24239 23530 
1695 24932 25185 25092 23530 
1696 24063 24247 20291 25111 
1697 25145 25329 25313 25223 
1698 25273 25326 25300 24288 
1699 20258 20314 24669 20552 
1700 25302 25039 25285 23087 
1701 25322 25286 25284 23775 
1702 24927 24926 25039 25098 
1703 23773 24107 24943 20299 
1704 25039 24607 24016 23535 
1705 21866 20381 24975 23775 
1706 23322 22537 22536 24813 
1707 20994 25321 20228 23112 
1708 25332 25305 25361 20994 
1709 25276 20994 25284 25321 
1710 22455 23943 25099 25290 
1711 22455 23943 25321 25098 
1712 23500 22455 20258 20314 
1713 22460 24369 25322 23086 
1714 22460 25282 21037 24356 
1715 25302 24071 25113 22552 
1716 24928 24926 24820 24071 
1717 25357 23518 25361 24071 
1718 25276 24368 25224 25100 
1719 25304 24928 24369 24368 
1720 23237 23775 23773 24986 
1721 23702 25286 25112 25223 
1722 23500 25112 25111 24329 
1723 25113 25106 25100 24417 
1724 25353 23512 25213 20291 
1725 25357 23518 24926 24247 
1726 25079 25108 25221 25098 
1727 24917 25328 25349 24786 
1728 25133 25228 23109 24353 
1729 24927 24926 20169 25287 
1730 25353 24208 20874 20227 
1731 24918 23232 23609 23319 
1732 24927 24918 24926 24234 
1733 24015 24777 24115 24098 
1734 24918 24234 25287 24986 
1735 24927 23237 20381 23285 
1736 23237 25288 25326 24288 
1737 23773 24321 25290 22826 
1738 23237 25313 25108 24417 
1739 21727 20178 23237 20305 
1740 25079 23500 23773 25292 
1741 25305 24926 25100 24417 
1742 23506 24926 25096 23609 
1743 25302 23506 23518 24926 
1744 24927 24932 23506 25313 
1745 23506 24063 24926 25113 
1746 25302 23506 23518 24990 
1747 23506 24926 25108 20668 
1748 24234 24015 20227 20225 
1749 25357 24207 24247 20291 
1750 24490 24684 22963 24607 
1751 24490 25280 23315 25098 
1752 24490 25096 20225 24645 
1753 24928 24820 21229 23535 
1754 24820 25112 25113 24474 
1755 25221 25097 22827 20668 
1756 24932 25106 25100 23530 
1757 25322 25284 25112 25100 
1758 24932 24239 23530 25337 
1759 24932 23775 25291 23530 
1760 25079 25106 25098 22536 
1761 24665 22537 22536 24547 
1762 25108 25106 25221 25099 
1763 24664 25343 25340 25337 
1764 20174 20486 25326 23322 
1765 25313 23773 25108 25221 
1766 20305 22826 20226 20227 
1767 22957 24607 20226 20227 
1768 24260 23514 20192 24474 
1769 24684 24673 20230 20227 
1770 23512 23775 25291 25337 
1771 24673 25181 25325 25282 
1772 25336 24786 25341 25343 
1773 23446 23854 25343 25337 
1774 25336 20381 24192 24448 
1775 25325 25322 25313 25343 
1776 24401 24975 23278 25340 
1777 25106 25224 25228 23850 
1778 22550 23285 23276 25279 
1779 25286 25279 25112 25223 
1780 23775 20874 24016 20303 
1781 21229 22957 23534 24608 
1782 23534 24608 23535 25290 
1783 25322 22957 25098 24417 
1784 20291 23535 24990 23530 
1785 23844 25291 24239 23530 
1786 20228 23112 20230 23084 
1787 20381 24192 23775 23773 
1788 25285 25121 20303 24321 
1789 25099 24417 20303 24627 
1790 23782 25113 25108 25224 
1791 25225 24777 24990 25315 
1792 25286 25100 25101 24777 
1793 23751 24004 23757 24476 
1794 25321 25099 25097 25222 
1795 25322 22550 25284 25101 
1796 20381 25112 25111 25100 
1797 25325 25322 25101 24950 
1798 25101 24321 24476 25315 
1799 25108 25106 25224 25334 
1800 25282 25112 25223 20303 
1801 25284 25225 23850 23087 
1802 25286 23192 23757 25315 
1803 24786 23773 24107 23751 
1804 20381 24192 24786 24239 
1805 22550 24974 23285 20304 
1806 22550 23781 23775 23086 
1807 22550 23781 23285 23445 
1808 22550 23781 23285 20304 
1809 23781 24974 23285 23087 
1810 23844 22552 24958 25293 
1811 25326 25287 24356 24952 
1812 24239 24550 20142 23087 
