1 25081 21566 20486 24351 
2 25081 23744 24923 24411 
3 25081 24107 23500 25079 
4 25081 24894 25100 23011 
5 25081 20227 24258 24673 
6 25081 21866 20291 24975 
7 25081 25106 24752 23800 
8 22421 20523 21369 20668 
9 25081 23751 25068 25067 
10 25081 25153 20048 23595 
11 25153 25049 25050 23496 
12 24985 24250 25047 24760 
13 24411 25070 25068 24804 
14 23467 25150 24215 20099 
15 25081 25120 20663 20351 
16 23987 24004 23756 23550 
17 22421 24919 25079 22419 
18 24186 23996 24499 24500 
19 22397 20297 22415 21956 
20 22993 25151 20126 23727 
21 24880 24985 24347 24978 
22 25081 25153 22413 25134 
23 24186 23751 25100 25141 
24 25081 20994 24954 24475 
25 25081 20047 20994 24806 
26 25059 25158 23877 20299 
27 25081 24021 24810 24554 
28 25081 25082 24919 20523 
29 25081 24411 20302 24554 
30 24894 25151 20258 24833 
31 20046 23765 24919 23500 
32 25081 22956 20576 24665 
33 20575 20314 24547 24811 
34 24920 20303 20304 24552 
35 23853 24671 24919 24630 
36 25081 24665 20302 24810 
37 25103 20260 24624 24552 
38 25108 20258 25097 22567 
39 20048 20259 23800 20151 
40 25081 25176 25097 20025 
41 24669 24670 23595 20151 
42 25081 20300 24901 24551 
43 20576 20046 23765 20304 
44 25081 20065 23591 25132 
45 25081 22956 24119 23479 
46 25081 20126 23727 24630 
47 25081 25175 25153 20151 
48 25081 20297 24938 24554 
49 20576 20260 25176 24034 
50 20046 25126 23479 20524 
51 25124 23790 23791 22415 
52 25081 23535 24919 25069 
53 23535 23853 25124 23500 
54 20260 20258 24490 23881 
55 25081 23943 24811 24813 
56 24894 25079 25098 21956 
57 20046 25082 23479 20151 
58 23609 25085 22826 23496 
59 23595 25126 22455 23943 
60 20226 20552 20314 24811 
61 25081 20224 24670 20551 
62 25081 20258 25174 20314 
63 25081 23755 24551 24546 
64 25155 23877 20025 24045 
65 25162 25166 23097 20025 
66 25148 24904 25104 22835 
67 21707 20025 24045 23880 
68 20988 20025 24752 25069 
69 25084 25083 23877 24045 
70 23467 25151 25126 20025 
71 25099 24244 23496 24475 
72 24894 22544 23774 20025 
73 24521 20025 23480 22569 
74 21707 20025 23727 24250 
75 23756 23467 22994 23800 
76 23115 25174 23818 20151 
77 23319 24186 20025 20381 
78 20063 24475 22415 22413 
79 20224 23790 23774 25158 
80 25062 20303 20304 20025 
81 23756 20025 24986 25079 
82 25103 25135 25099 25098 
83 23790 22023 24737 22413 
84 24684 25135 21707 20025 
85 24184 20303 22826 24555 
86 24107 25047 25069 24954 
87 25063 20064 23877 20300 
88 25100 25099 25067 20151 
89 25107 25099 25098 20668 
90 20025 23943 24752 24813 
91 23496 20025 20174 20151 
92 23536 24244 24372 25069 
93 23207 25133 24475 24810 
94 24107 22537 20025 25067 
95 23790 25158 24728 24901 
96 24881 20025 24760 20300 
97 20025 23500 20524 24551 
98 20967 25141 20994 25098 
99 23774 24920 22536 22537 
100 24920 24919 23500 23087 
101 20025 23943 24512 25098 
102 25102 21543 23496 20025 
103 23535 23751 23496 20025 
104 23535 20025 20151 21304 
105 22536 22537 24490 23818 
106 24920 25158 20025 23087 
107 24607 25105 23765 20314 
108 20260 25133 20025 20099 
109 20225 24607 23596 20025 
110 24670 20259 20519 20025 
111 20079 20260 20126 23727 
112 23790 24665 20099 20668 
113 20080 20079 20260 20524 
114 23744 25126 20518 20519 
115 23535 20025 24811 24812 
116 24607 25099 25174 20025 
117 22536 22537 24645 24630 
118 20079 24655 24919 20025 
119 24665 25158 20025 24551 
120 20518 24546 24547 24553 
121 24985 24411 24748 24554 
122 25172 24411 21707 23943 
123 25059 24411 21707 24512 
124 21707 24250 23880 25157 
125 25074 24894 21707 24250 
126 21707 23880 25047 24512 
127 23877 24250 23880 24752 
128 21707 23877 23880 24752 
129 24411 21707 25047 25145 
130 25087 23609 24045 24752 
131 25059 24411 21707 24250 
132 25059 25151 21707 23550 
133 21707 23877 24045 24512 
134 24004 21707 25047 22997 
135 23755 23602 25078 24804 
136 21707 24045 24752 24041 
137 25153 25129 23264 25089 
138 24258 24691 23576 23512 
139 23937 24002 23877 25067 
140 24833 23877 25157 25067 
141 24899 22550 22551 23285 
142 24411 24045 24250 24752 
143 23744 23602 24203 25064 
144 25166 23790 20518 20519 
145 24184 22397 23560 24610 
146 20522 20065 22536 23877 
147 23996 22421 23877 24250 
148 22956 23536 23877 24752 
149 25125 25109 25099 22536 
150 22397 24938 24937 22413 
151 23877 24752 25070 24804 
152 23996 24387 23877 20297 
153 20260 23877 23818 24752 
154 23877 24250 24752 25068 
155 25087 24411 23877 24490 
156 23877 24250 24752 24512 
157 24899 25062 25065 24914 
158 24758 20303 20065 23877 
159 24894 25174 24411 23084 
160 20428 25077 23576 23877 
161 20225 23877 24752 22415 
162 24945 24272 23877 24512 
163 20080 20224 24607 23877 
164 23536 24411 23877 23085 
165 20260 20259 20355 20099 
166 25082 20522 20065 23877 
167 20576 20575 24002 23877 
168 20523 22413 24812 24813 
169 24945 20260 24272 22419 
170 25153 24372 23877 23500 
171 25059 25105 25151 25106 
172 20258 20126 23727 24555 
173 23462 24670 24919 24490 
174 23877 20524 24555 24810 
175 20079 23877 24760 25134 
176 24898 20047 24632 20314 
177 23877 23550 25080 24547 
178 23535 23319 24607 23853 
179 20988 24411 24045 23880 
180 24258 24259 23880 22963 
181 25151 24411 23880 24954 
182 25062 25063 24806 23880 
183 23987 23756 21536 23880 
184 25075 24045 23880 20300 
185 25126 24045 24752 22415 
186 22455 23943 23880 24041 
187 25046 20231 20988 24045 
188 23479 24045 21727 20297 
189 20260 20259 24045 24611 
190 23319 24411 24045 24752 
191 24881 24045 24250 24752 
192 23790 23797 23774 24045 
193 24833 24045 25047 22413 
194 24670 20967 24045 24748 
195 22544 24045 24512 20297 
196 20576 24186 24045 24512 
197 24107 20259 24045 24551 
198 25124 23496 24045 25047 
199 23576 24045 24555 24547 
200 23442 25129 24045 25067 
201 23791 24119 24045 24645 
202 25059 25111 24250 23800 
203 24979 24632 24633 24752 
204 25082 25077 24919 24250 
205 24919 24411 24250 24386 
206 25059 24916 24752 24978 
207 24000 25160 24250 25000 
208 24519 22544 22550 23595 
209 24898 25064 24289 25089 
210 22550 25152 23571 25039 
211 24000 24894 22835 25039 
212 25148 23755 25075 24289 
213 23596 25109 25153 24372 
214 24691 22544 24833 23512 
215 24987 24289 20486 20174 
216 23472 25174 24512 23852 
217 25133 25145 25069 24041 
218 24987 25152 25151 22314 
219 23911 22536 22537 23512 
220 22956 21229 25125 24289 
221 24400 25105 24068 25069 
222 25064 25153 25141 24736 
223 20228 25157 25093 20302 
224 24945 20260 25141 25047 
225 25148 25146 23015 25069 
226 25151 24881 24289 25047 
227 24894 25175 24881 24289 
228 25168 25170 25075 21493 
229 25166 25170 22544 25152 
230 23319 25102 24833 25054 
231 25172 21495 23270 25047 
232 24740 20291 24752 22023 
233 24945 25085 23015 24748 
234 25168 22835 25151 24748 
235 24899 25064 25120 25069 
236 25073 23852 24098 24343 
237 24021 20142 23111 23702 
238 25124 25052 24806 24247 
239 25168 25055 25140 25080 
240 22956 24068 24765 21727 
241 25129 24289 24736 24041 
242 22835 25092 24965 25093 
243 24021 24920 24919 22397 
244 23319 25111 25106 25157 
245 24655 25050 24289 24351 
246 24004 23751 24758 20291 
247 24002 24068 25077 24289 
248 22551 25135 25129 24289 
249 23790 24916 24500 20305 
250 23596 23442 24289 25089 
251 25092 25093 24954 25000 
252 25136 25135 24411 24351 
253 23987 25174 24289 24632 
254 23790 24760 25089 23560 
255 24746 25069 25068 24226 
256 23015 24627 24596 20300 
257 20428 25049 24329 25047 
258 25147 23766 23015 25069 
259 25041 25043 24632 20381 
260 23097 25114 25117 25067 
261 25096 24184 25047 22963 
262 25102 25051 22455 20151 
263 24000 20046 25051 24411 
264 25059 24923 24289 20381 
265 24655 23496 25157 20151 
266 23744 25146 25066 25089 
267 25057 23442 23444 23550 
268 25044 25053 24289 25078 
269 23445 24923 24289 20174 
270 25146 24758 24655 24965 
271 25140 24807 25171 25038 
272 23911 22755 24115 25131 
273 24899 24945 24742 24740 
274 24943 23594 22397 24610 
275 23602 25065 20486 20174 
276 22544 25041 25136 22569 
277 23987 20047 24411 24475 
278 24119 23765 25089 24243 
279 20576 20080 24898 25066 
280 23755 24736 20524 20523 
281 22755 22993 24914 24806 
282 23744 24740 24760 24752 
283 20048 23766 24272 24512 
284 20522 20065 23550 20668 
285 24107 24512 24938 24937 
286 25108 25107 24632 23747 
287 24000 24107 24894 25067 
288 23293 24244 24372 24475 
289 20967 23286 25135 20178 
290 25106 25107 24833 25067 
291 23751 25139 24655 24411 
292 22994 24914 23800 24034 
293 24607 23790 24826 24760 
294 25105 25135 24289 25068 
295 24519 20303 20304 20302 
296 24186 20260 20259 20297 
297 24904 23015 24243 25079 
298 24119 24760 25089 25157 
299 23797 24760 25157 23881 
300 22995 23796 24760 24215 
301 22956 23604 25124 25129 
302 23797 24655 25141 20099 
303 23871 24684 20046 22963 
304 24000 20258 25039 24982 
305 23755 22835 20047 25043 
306 24945 24665 25099 21543 
307 24244 20994 24806 24475 
308 20227 20226 25172 25039 
309 24894 20064 20524 20523 
310 20227 20226 24329 24633 
311 20259 24624 23765 24752 
312 24021 25079 20668 24645 
313 24758 24372 24978 24901 
314 23609 21543 25047 24760 
315 24684 20048 21727 20178 
316 25153 20126 23727 24034 
317 24107 24880 24748 25098 
318 23756 23791 24512 25068 
319 25125 24289 21956 24810 
320 23535 24289 24748 24553 
321 23853 25124 23293 24632 
322 25059 24894 24919 20151 
323 23871 23287 24289 22963 
324 24521 23765 20663 24900 
325 20428 20126 23727 24811 
326 23765 20314 24630 24813 
327 25151 25106 25174 24347 
328 20259 24624 24490 20300 
329 23111 24372 24919 23500 
330 23987 25082 20994 25171 
331 25085 23796 25102 22569 
332 25103 23479 24920 25069 
333 24203 25105 23479 22567 
334 25124 24671 23550 22413 
335 20046 23765 20299 24630 
336 20428 20522 24512 25068 
337 25121 25050 24760 20314 
338 20259 23479 22826 24551 
339 23479 23765 20299 20300 
340 23111 24760 20297 21956 
341 20428 25174 20355 23087 
342 20382 24397 24289 24215 
343 24107 23500 20178 20300 
344 23319 24833 25039 24411 
345 23796 24411 24225 25067 
346 25085 25119 24411 24226 
347 20428 25104 25106 23818 
348 25153 22455 23943 24748 
349 24947 23797 24758 24215 
350 25139 20988 25092 24034 
351 20372 24478 25176 24512 
352 25153 20126 25070 24226 
353 23535 24521 24512 25145 
354 24894 25097 24512 24627 
355 25120 25141 24512 24540 
356 23602 24899 25065 25153 
357 24924 25053 25051 25067 
358 23462 23315 24920 20663 
359 24899 23011 25077 25079 
360 23615 24512 20086 24505 
361 24632 24512 20274 24569 
362 24107 24987 25151 23774 
363 23442 24068 20988 24512 
364 24987 24002 24387 24512 
365 23987 24671 25151 24512 
366 24746 20065 22021 20523 
367 20428 24107 25153 24806 
368 20258 20522 20065 20297 
369 24669 20303 20063 20304 
370 20522 20065 24811 24812 
371 20080 20063 24512 20355 
372 20576 20305 24372 25047 
373 20080 23796 24512 24215 
374 24669 20048 22826 24553 
375 20305 24512 24115 23087 
376 25103 24512 24810 24554 
377 25087 24512 24550 24813 
378 20519 24512 25069 23087 
379 25153 23943 20314 24034 
380 24671 20303 20304 23087 
381 20046 23765 23500 20668 
382 20994 25171 24900 24901 
383 23797 25097 24880 25098 
384 20258 25141 24540 20668 
385 20080 24669 24670 24752 
386 23756 24945 24512 23800 
387 25087 21493 23727 24512 
388 23911 25147 21037 24916 
389 24184 25125 25062 25140 
390 25064 23560 24737 24610 
391 24669 25084 25083 24752 
392 25152 25126 25127 24979 
393 20227 24826 25066 25089 
394 20260 24632 20314 23800 
395 20224 20551 23595 20086 
396 23791 25129 23576 24752 
397 25151 25047 24760 24752 
398 25084 25083 20551 24243 
399 20079 24742 24740 20304 
400 24752 25067 22827 21369 
401 24107 25103 24752 25069 
402 24669 20305 20304 24752 
403 23536 24244 23571 24490 
404 20576 20080 24002 24752 
405 24500 25047 25069 24986 
406 25148 25071 23576 25047 
407 23790 25047 25092 25145 
408 25166 24107 25109 20291 
409 25118 25105 25107 25047 
410 25054 25055 25051 25047 
411 23535 24107 25155 25069 
412 25103 25097 25101 25099 
413 25062 25063 25047 25145 
414 23987 25101 25049 25047 
415 23756 20006 25089 22569 
416 24000 25077 25047 25078 
417 25146 24826 25155 25145 
418 25047 23500 25079 25080 
419 20063 25047 23500 25080 
420 25047 24760 23818 25079 
421 24000 24107 25151 25077 
422 23996 23115 20382 20063 
423 24387 20303 20304 25047 
424 24107 25047 20314 25079 
425 23747 25047 23818 24810 
426 24894 20260 25047 20151 
427 24742 24740 24818 25157 
428 23747 25089 25069 20086 
429 24760 25089 25157 25145 
430 24760 25089 25157 24748 
431 25071 24894 24760 24546 
432 25108 25174 24574 25068 
433 23270 25174 25133 23087 
434 23790 24624 22023 22021 
435 25174 25069 25070 24804 
436 24655 24923 25174 24490 
437 25099 25174 24372 23087 
438 25114 25174 22569 24812 
439 21543 25174 24272 24880 
440 20046 25135 25067 20355 
441 24894 20260 25151 24900 
442 25062 24740 23361 23560 
443 23987 23462 24272 24034 
444 25114 25109 25121 25111 
445 25147 25175 24272 24627 
446 23751 24462 25121 24272 
447 25176 25151 24919 23496 
448 20576 24186 24272 24901 
449 24669 20967 24272 21933 
450 20259 24272 23322 23087 
451 24119 25099 24272 23800 
452 24107 24272 25069 24645 
453 24184 24272 20518 24813 
454 24107 24272 24880 24555 
455 20080 24272 24900 24901 
456 24272 24880 20064 24554 
457 24671 24272 23322 24551 
458 22551 25152 23278 24408 
459 24004 24947 25071 24041 
460 25101 24408 24760 24954 
461 24947 25071 23111 25150 
462 24920 24408 25050 24490 
463 25059 23287 24408 20151 
464 24665 23479 24408 22567 
465 25071 24805 25054 20169 
466 24671 23112 24805 21727 
467 24324 20260 25121 24805 
468 24945 21344 24805 23083 
469 23790 25085 24805 24632 
470 24004 24462 24805 25050 
471 24004 25139 24758 24805 
472 23596 25121 24805 25067 
473 25087 25114 25102 24805 
474 24119 24805 25171 24243 
475 20047 20967 24805 25069 
476 25071 25114 25108 25111 
477 24805 20518 24760 24475 
478 25071 24916 24880 23560 
479 25107 25101 24880 25067 
480 20576 24880 24555 24553 
481 24607 23536 24947 25071 
482 25147 24670 24518 25004 
483 23285 20006 21536 24979 
484 25146 21536 25092 25093 
485 21229 24462 22834 20006 
486 23797 24833 24979 25150 
487 23987 24945 22023 22021 
488 24004 20006 23571 20022 
489 24894 25152 20006 25150 
490 20576 20080 20226 20006 
491 21536 24372 24954 20022 
492 23987 25164 23462 25068 
493 23111 24938 24937 20022 
494 23797 21344 25141 25150 
495 24894 21344 24979 25150 
496 25130 21344 23550 20486 
497 22737 21344 23111 24881 
498 24947 21344 24748 24596 
499 24186 24916 21344 24881 
500 20258 25106 21536 23480 
501 23797 22994 21543 25145 
502 21543 23576 25133 21933 
503 24478 21543 22460 24806 
504 24899 20258 21543 23576 
505 20260 22835 23017 21543 
506 25064 23293 21543 24736 
507 24924 21543 25051 24818 
508 24000 25172 21543 24728 
509 23791 22993 20258 21543 
510 23111 21543 24244 22567 
511 21543 24728 21566 25131 
512 24924 21543 25051 24728 
513 25051 23496 23818 20151 
514 20224 24203 21543 23576 
515 25111 25102 25101 21543 
516 23462 23207 23797 25105 
517 25103 20260 25135 21543 
518 20048 21543 22567 23881 
519 24607 23853 23293 23550 
520 20080 23293 23818 21304 
521 25085 21543 24244 23571 
522 21543 24920 24728 24490 
523 24021 22993 21543 24372 
524 22956 24203 24669 24670 
525 24607 21543 24806 24475 
526 25108 25102 24329 23727 
527 23293 23111 25158 24632 
528 25065 23111 25089 25092 
529 23987 25121 25116 23111 
530 23111 25150 24728 24978 
531 24184 23111 24244 24807 
532 23853 24920 20304 23496 
533 25103 25108 23111 24244 
534 23111 24985 23571 24978 
535 23293 23111 20663 24244 
536 25114 25121 25102 23111 
537 23751 23790 23111 24920 
538 23293 24244 24372 23571 
539 25146 24947 24945 23315 
540 23315 23293 24985 25150 
541 23293 24921 25050 23550 
542 25172 25126 25129 23293 
543 25087 24924 23293 25052 
544 20046 25044 24924 23500 
545 25104 20047 25107 25099 
546 20552 23293 24115 24547 
547 20428 22994 23293 23591 
548 22994 24119 23293 24920 
549 22956 21566 23591 25131 
550 23751 23315 25153 25150 
551 25052 23571 20169 23800 
552 23536 23796 24758 23571 
553 20663 23571 23496 24633 
554 25074 23571 22826 25133 
555 25158 24833 23571 25068 
556 24397 23442 21933 20314 
557 23987 24740 20291 24737 
558 24021 24673 25158 23576 
559 25120 25106 23576 24329 
560 23756 23462 24324 25158 
561 23472 25158 23576 24225 
562 25148 23086 23576 24627 
563 24462 23852 24343 24265 
564 23871 24691 22963 23512 
565 25152 25097 25055 21043 
566 24924 25049 25051 24806 
567 25108 20259 24914 24632 
568 23207 23796 22993 24215 
569 20227 23322 20299 24567 
570 22956 24670 23576 20994 
571 24979 22537 20314 25079 
572 25114 25111 25101 25098 
573 20046 25135 23500 25068 
574 20259 23479 24919 20151 
575 23479 24901 22567 23087 
576 24670 20260 20523 22413 
577 23797 25141 24550 24546 
578 24671 20258 23576 23818 
579 24920 24919 23496 20355 
580 23751 24671 24670 24900 
581 22537 20151 24645 23083 
582 25176 24985 25055 24226 
583 23207 24244 24372 24818 
584 25075 22392 24244 24372 
585 20305 24244 22826 21727 
586 24244 23818 20151 20355 
587 24372 25133 23500 25079 
588 23744 23790 24624 25141 
589 24372 23550 24226 24804 
590 24021 21866 23444 24372 
591 24947 25043 24372 24978 
592 24920 25050 24919 25133 
593 23207 20291 25073 23800 
594 20382 23774 20303 20304 
595 24758 24372 23800 24215 
596 25153 25077 24372 25068 
597 22994 24372 24806 24215 
598 25158 24728 24811 24812 
599 25129 24372 23496 22997 
600 23751 24372 24728 23818 
601 24372 24938 24937 23083 
602 23911 24728 25073 24115 
603 23609 24673 20230 20228 
604 23774 22827 21369 24645 
605 25087 24728 24986 23881 
606 24607 25099 24728 21956 
607 23609 25124 24728 24490 
608 20079 24665 20259 24728 
609 25065 25066 25103 25110 
610 25126 24924 24881 23109 
611 25152 25127 25140 24225 
612 24068 24763 20988 25078 
613 23472 23702 24633 24215 
614 22551 23029 23937 24632 
615 23319 23270 25141 24343 
616 24894 22551 24788 24881 
617 23535 22995 24881 24215 
618 23756 23315 25135 23512 
619 22835 24833 24881 23087 
620 24519 24746 24881 25039 
621 25096 23911 23109 23852 
622 25120 25151 25101 25100 
623 24765 25077 25150 24881 
624 22993 24987 24221 24041 
625 23853 24881 24115 25173 
626 24004 23319 22995 23774 
627 25087 25072 21037 25063 
628 24000 24684 25068 21727 
629 22544 25101 23011 24881 
630 23467 22995 22994 25000 
631 23535 24547 24813 24554 
632 23604 25158 25150 24490 
633 23765 25133 20314 24645 
634 20046 25151 24119 24833 
635 24655 25108 25107 24760 
636 23442 23774 24833 20063 
637 23315 24985 24329 24633 
638 22956 20226 20225 20552 
639 23609 24894 20126 23727 
640 22826 24760 23550 24900 
641 23535 25109 24343 24540 
642 24107 22455 20126 24900 
643 25087 24203 25136 23479 
644 24947 24945 24225 24215 
645 23751 25068 25000 24804 
646 20988 25051 23818 23500 
647 20428 20258 24985 24978 
648 24943 25160 24979 25150 
649 24203 24258 24673 24979 
650 24985 25053 25055 25050 
651 23462 25121 24985 24034 
652 23756 23535 25121 24347 
653 25141 24985 25070 24804 
654 24691 25101 24985 20299 
655 20576 23442 24985 20178 
656 25175 25082 25141 20524 
657 20575 24665 24985 20305 
658 24258 24673 20522 23512 
659 20576 25059 24655 25070 
660 24916 25141 24347 20086 
661 24671 25083 20300 24505 
662 25072 24758 24624 20291 
663 20382 24002 20518 20063 
664 20575 23595 20063 22536 
665 22834 23442 23776 20064 
666 23535 24607 24938 24937 
667 23115 24002 20063 24986 
668 24607 23115 20063 22397 
669 23604 25175 20259 20519 
670 24740 24655 20064 24633 
671 20258 25050 24919 23496 
672 23996 22421 23790 20063 
673 20551 22415 22567 23881 
674 23602 20064 20523 24553 
675 23535 25121 23479 22567 
676 24000 25135 25099 22455 
677 20064 20314 22827 21369 
678 20080 24607 20519 24490 
679 20518 20064 24810 24630 
680 20063 24919 23818 20297 
681 23315 20303 20304 23818 
682 24670 20260 20259 20063 
683 23535 23790 20258 20064 
684 20575 20063 24553 24552 
685 24920 20523 24550 24546 
686 24665 20260 20259 21369 
687 25136 25135 22567 23881 
688 20518 20303 24490 22415 
689 25087 23797 21037 20064 
690 20518 20064 25171 22413 
691 20079 20518 22536 22537 
692 20575 23751 23765 24810 
693 24021 23751 20225 20552 
694 20258 20259 22536 22537 
695 20224 22994 20551 20063 
696 24203 24665 20519 20064 
697 20575 20519 20063 24546 
698 20576 20305 20304 22826 
699 20486 24226 24804 20523 
700 23604 24670 24624 20523 
701 24400 25085 20064 23635 
702 24203 20518 20519 20299 
703 20260 20259 20519 24813 
704 23604 20524 25079 24555 
705 24186 20079 20519 20064 
706 20079 20260 20519 24632 
707 24184 25105 24546 24630 
708 24021 20259 20064 22826 
709 24669 22544 23943 24555 
710 23744 23512 22415 23087 
711 20519 22455 23943 24547 
712 20575 20258 20259 24812 
713 22834 20519 20064 21956 
714 20227 24938 24937 22413 
715 23791 24041 20523 20355 
716 25120 25121 25116 24597 
717 24669 25175 25176 22415 
718 23765 20522 20065 21956 
719 23462 20522 20065 22455 
720 23796 20522 20065 23550 
721 20260 20524 20355 22419 
722 20575 20428 20065 21933 
723 20259 20522 20065 20099 
724 24669 20522 20065 21956 
725 25175 20522 20065 23747 
726 25124 20065 20524 21956 
727 23349 20518 23747 24504 
728 25103 25097 23500 25068 
729 24665 20518 20519 24347 
730 24119 23479 20518 20519 
731 24203 24107 25158 20518 
732 24119 25099 20518 20303 
733 24723 23015 25078 24748 
734 25170 25103 25107 25042 
735 25062 25082 25089 23550 
736 24684 25135 21727 20178 
737 23115 20258 20522 20523 
738 23790 23871 20522 20524 
739 23751 20258 20522 24555 
740 24665 20046 25141 24633 
741 23996 20524 21043 22419 
742 23987 24186 23604 20524 
743 25087 23609 23911 23790 
744 20967 25097 25099 22413 
745 22397 24034 24610 20523 
746 20079 24387 20523 20299 
747 20079 20142 24812 24552 
748 20297 20524 21956 24551 
749 20079 23536 23774 24833 
750 20575 23462 20523 20652 
751 25087 25097 21304 25098 
752 24669 24119 24540 24810 
753 20079 24919 25089 24812 
754 20079 20524 24551 24553 
755 24000 23609 24184 23536 
756 24021 23500 20524 22827 
757 25096 23911 25062 24611 
758 24899 25063 22023 22021 
759 24898 24462 25066 22023 
760 25065 25063 25066 22021 
761 23790 25158 22023 22021 
762 24186 22023 22397 22021 
763 24742 24807 22023 22021 
764 25084 25083 25130 22021 
765 24462 22023 23560 22021 
766 23744 20994 22023 22021 
767 24186 24736 22023 22021 
768 23755 23996 24898 22021 
769 20576 24894 24002 22021 
770 23996 24740 22021 22419 
771 25105 22023 22021 22827 
772 25085 24742 22023 21786 
773 25146 24898 22834 20047 
774 24684 24736 20178 24610 
775 20991 25064 25065 24916 
776 23602 25062 24916 22397 
777 23790 24478 25063 24299 
778 24669 25063 22397 24611 
779 24669 25062 24611 24737 
780 24898 20260 20258 22415 
781 23776 23774 23446 22397 
782 22421 25066 23774 22419 
783 23996 25146 24737 22419 
784 23996 25064 25065 22397 
785 23446 22397 20381 22413 
786 23744 24632 24633 24243 
787 22421 22455 22397 24347 
788 24186 24943 22536 22537 
789 22421 23776 23774 22419 
790 23744 20227 22413 21956 
791 24898 20258 22536 22397 
792 23776 23774 25141 24806 
793 24184 22421 24624 22419 
794 24945 25105 25106 23550 
795 23937 25141 25158 24215 
796 24000 25042 23550 25068 
797 23550 25068 24226 24804 
798 25175 24632 23550 24226 
799 25111 25178 25039 23550 
800 25064 23560 24737 24610 
801 25104 23596 23550 20486 
802 25125 25103 23015 23550 
803 24665 23596 25097 25052 
804 25053 23496 25089 23550 
805 23030 24397 23550 20355 
806 23751 24947 24758 25106 
807 25070 25000 25067 24347 
808 24519 24521 23015 23550 
809 25114 25101 25100 22537 
810 23911 24947 24945 24758 
811 25103 25108 23594 23550 
812 25124 25106 25070 25067 
813 23751 25108 24924 25051 
814 20382 23595 23594 23550 
815 25120 25111 25106 23550 
816 25087 23911 24203 24002 
817 23015 25101 25100 23550 
818 25147 25042 23015 25135 
819 25119 25121 25106 25100 
820 25082 23550 24347 23480 
821 25168 25119 25100 23550 
822 24247 24818 24098 25068 
823 24004 23756 23751 23550 
824 22993 23594 24986 24041 
825 24607 24523 20047 21493 
826 25087 20258 20551 23765 
827 25074 25079 21304 23087 
828 20126 23727 24550 24810 
829 20079 20260 20259 20304 
830 23315 25108 23550 20355 
831 24670 23550 24546 24552 
832 24669 23315 20047 23287 
833 24184 25071 22455 23943 
834 20224 20551 23560 24610 
835 24899 25064 24916 23560 
836 23853 25062 25064 24684 
837 24943 20291 25077 23560 
838 23604 24807 23560 24475 
839 22421 24611 23560 24610 
840 23744 24624 25039 23560 
841 24500 24736 23560 24610 
842 23535 20080 24670 23560 
843 24899 20994 23560 20355 
844 23937 24736 24136 24299 
845 24607 25064 25158 24136 
846 25089 25093 20486 24136 
847 23115 23446 24736 24136 
848 25064 24763 22314 24238 
849 23115 22421 23446 22419 
850 20224 20046 24119 20551 
851 20225 23602 20552 20551 
852 23756 24945 25175 24299 
853 25146 25063 24914 24299 
854 24742 24740 20988 24299 
855 23115 23790 24833 24299 
856 23462 25139 22835 24597 
857 25170 23135 24763 25078 
858 24914 24597 25070 24596 
859 25164 25118 25106 25107 
860 20080 25120 25118 24748 
861 25168 25170 21493 24596 
862 25087 25146 25125 24760 
863 23472 22993 25158 23813 
864 24186 24904 22835 24597 
865 25170 22755 25119 25140 
866 22835 23015 20988 24596 
867 25170 25114 25109 25102 
868 25166 24184 25117 25118 
869 24670 22835 24597 24596 
870 23207 23796 24329 24215 
871 20291 24923 24919 24596 
872 23911 25055 24818 24115 
873 23207 24987 24225 25068 
874 25168 25164 23755 24002 
875 25162 25074 24923 25054 
876 25160 25104 25121 25053 
877 25166 25114 25102 25101 
878 24671 24684 24596 23480 
879 23853 23796 23086 24597 
880 24203 24107 20260 20230 
881 24607 25103 25136 23635 
882 25087 20046 23479 24919 
883 23535 25074 21369 24810 
884 23790 20258 20259 20099 
885 25164 24833 24811 24813 
886 25168 23796 20099 24553 
887 20260 20174 20297 24550 
888 25162 24514 25152 24597 
889 23853 25125 24746 23813 
890 25170 25172 25105 25107 
891 23871 25106 25107 23512 
892 22544 23774 22536 22537 
893 23536 23496 24597 20300 
894 23776 24736 24611 24610 
895 24898 23442 24736 24610 
896 25176 25153 24737 24610 
897 24826 25066 24737 24610 
898 23791 24624 25140 25067 
899 20224 20225 20552 20551 
900 24740 25066 20663 24610 
901 24899 24610 22415 22413 
902 24898 22834 20048 24610 
903 25072 25066 21933 24611 
904 24400 23604 24916 24611 
905 24898 24742 20258 24736 
906 22544 22551 24916 23774 
907 22551 24002 23285 24736 
908 24519 25097 24765 24736 
909 23596 23595 23594 24736 
910 23996 25102 25158 24833 
911 24518 25083 24736 23087 
912 23613 23615 23774 24736 
913 24665 20305 24736 20302 
914 23790 25172 24916 24914 
915 24826 25065 20303 24736 
916 20991 23613 23596 21933 
917 23756 24826 24462 25064 
918 23030 24002 24975 24068 
919 23791 22755 25140 24215 
920 25062 25063 25074 24736 
921 25052 25053 25051 24736 
922 25064 23594 24736 20174 
923 24665 23500 25079 22413 
924 20225 20552 25078 23512 
925 20224 23751 23536 24924 
926 22755 22994 22993 24748 
927 23609 24742 21037 24736 
928 23996 24742 24740 25065 
929 24898 24742 24943 24736 
930 23987 24736 24938 22419 
931 23911 24899 25089 24736 
932 23115 24899 23776 24736 
933 22421 25141 24938 24937 
934 23115 25077 24736 25068 
935 20575 24898 24945 20668 
936 23996 24742 24740 21037 
937 23115 24002 23446 20299 
938 23996 23604 20299 20300 
939 20428 24742 22994 22993 
940 23604 24624 23776 24736 
941 23987 24186 24945 25126 
942 25103 20048 25077 24736 
943 24186 23602 24607 25135 
944 23996 23853 24671 22419 
945 24898 24899 25064 24736 
946 24758 24655 25127 24736 
947 24624 24804 20299 20300 
948 20224 23602 25065 20551 
949 25146 25063 25145 24737 
950 23756 24758 23594 24737 
951 20575 22536 22537 24737 
952 20994 24737 21043 25038 
953 24021 24742 24740 24737 
954 24021 24002 25077 25067 
955 24740 24826 24655 25092 
956 24742 24740 25077 24763 
957 24519 24898 24742 23277 
958 24742 20142 22415 22413 
959 25106 25070 24954 25068 
960 23797 22755 20046 24119 
961 25089 25092 24965 25145 
962 20304 25092 25093 20486 
963 25146 24826 25089 25092 
964 24826 24655 25066 25089 
965 24826 24746 24760 20302 
966 24898 24002 23442 23776 
967 25062 25063 24807 24627 
968 20260 20258 24924 24247 
969 23604 24899 24478 25077 
970 23609 23911 22584 21043 
971 23604 24899 23774 20314 
972 23996 20260 20258 22419 
973 20575 24945 25062 25063 
974 20428 20226 24746 21727 
975 20551 20086 24900 24901 
976 24669 22536 22537 24630 
977 25131 24900 24901 24813 
978 23756 23911 24945 22455 
979 23853 20126 24900 24546 
980 23609 24900 24901 23087 
981 23536 23462 25109 24901 
982 24670 23479 24900 24901 
983 25151 24041 21304 24901 
984 22956 24669 22415 23087 
985 20576 23790 24002 24901 
986 23609 20079 24607 24901 
987 24671 25153 22455 24901 
988 24947 25062 25063 25145 
989 25062 25063 20297 24937 
990 20575 24943 25063 25066 
991 20225 23446 22419 24386 
992 23602 24943 22544 24387 
993 24186 23596 24916 23594 
994 22995 25065 22994 24221 
995 20224 24462 24500 20551 
996 23627 20046 24914 25070 
997 22544 22551 22455 23943 
998 25162 23628 24746 25073 
999 25162 25104 25120 25121 
1000 25162 25107 25102 25039 
1001 25162 24002 25054 24247 
1002 24514 25119 25152 25067 
1003 23755 25147 25160 23766 
1004 25147 25160 22835 23766 
1005 23791 23796 22755 24215 
1006 25148 25160 22835 21304 
1007 24186 25160 25070 24804 
1008 23797 23796 24987 25153 
1009 24400 22544 22536 22537 
1010 25114 23596 25105 25099 
1011 25164 20663 25051 25171 
1012 25160 24002 23776 22536 
1013 24021 24068 25077 23500 
1014 25059 24923 25039 25067 
1015 25162 20967 24811 24553 
1016 23987 20291 23322 24098 
1017 23462 23796 22993 23813 
1018 25168 25109 25053 24247 
1019 23987 25166 24514 20291 
1020 25164 22755 23813 25038 
1021 25164 25053 25049 25051 
1022 20046 25102 20126 23727 
1023 25166 24943 25068 24351 
1024 25108 25111 25107 25097 
1025 24920 23496 24748 23500 
1026 20080 20224 20551 25051 
1027 20080 24258 20663 20348 
1028 20575 20227 24671 25039 
1029 20079 24671 23765 24490 
1030 20080 23315 25102 20314 
1031 24665 25158 20126 23727 
1032 20080 20079 24665 23496 
1033 20046 23479 23818 20151 
1034 20080 24673 20230 21727 
1035 20576 24519 20047 21493 
1036 24945 24670 24500 25083 
1037 24671 24916 23594 20086 
1038 25084 25083 21933 20086 
1039 24462 23592 25132 20086 
1040 24670 20305 20086 24505 
1041 23615 24943 20086 24504 
1042 20575 24894 20258 20259 
1043 24119 23479 24833 22827 
1044 24000 20575 24986 24630 
1045 24919 20314 24938 24555 
1046 23911 23791 25153 24547 
1047 23756 24937 22827 21369 
1048 20575 20178 24938 24937 
1049 24920 22567 24645 23087 
1050 20576 23796 24665 24119 
1051 23613 23615 23349 23087 
1052 20224 25146 24947 25089 
1053 20991 23613 23615 23596 
1054 20225 24670 20552 22415 
1055 24607 23536 25124 20668 
1056 25114 20047 25108 25133 
1057 20259 22827 21369 20668 
1058 23744 20260 20259 23774 
1059 24670 22415 20300 23083 
1060 25136 24490 22567 23881 
1061 23604 23818 20355 24555 
1062 25069 24804 24540 22415 
1063 20225 22421 24684 20552 
1064 22421 24673 24938 24937 
1065 22421 20258 20259 22419 
1066 24119 23765 24540 22419 
1067 20226 23115 22421 20230 
1068 23756 23744 23115 23871 
1069 20227 20226 23115 23315 
1070 24186 20227 23115 22421 
1071 23115 24665 25070 24954 
1072 24400 24329 24633 24554 
1073 20227 25084 24938 24937 
1074 20259 20126 24645 24554 
1075 23613 23615 23349 23087 
1076 23613 23349 24499 24506 
1077 23604 23790 25158 25078 
1078 23744 24624 23776 23270 
1079 23911 23602 25175 22279 
1080 23604 24002 25057 23446 
1081 24673 20228 22963 24343 
1082 23744 24975 23776 24386 
1083 23755 23602 25084 25083 
1084 23602 25147 25084 25083 
1085 24186 23602 24758 23776 
1086 23744 24673 20551 23512 
1087 23604 25069 25070 24804 
1088 23602 22544 23442 24386 
1089 20967 20048 24624 23480 
1090 20227 20226 24671 24258 
1091 23602 24002 23595 24490 
1092 24669 24624 24937 24546 
1093 20046 20259 23479 25069 
1094 25099 23086 25073 23087 
1095 24916 24499 24765 23087 
1096 24004 25072 24324 20258 
1097 24258 24673 24894 24499 
1098 23755 24499 25102 25100 
1099 23791 24499 25084 24914 
1100 20225 24916 25084 25083 
1101 23790 24624 24920 25089 
1102 23319 23609 24258 24916 
1103 25146 24904 22835 24916 
1104 23112 25082 20228 23087 
1105 24947 24945 25117 25082 
1106 23751 25082 24041 24351 
1107 24258 23871 24673 25082 
1108 20047 20967 25082 24645 
1109 20046 25082 20302 20151 
1110 24894 25111 25084 25083 
1111 23911 20047 24115 22567 
1112 20428 25097 22567 23881 
1113 25136 24923 22567 23881 
1114 25124 25097 22567 23881 
1115 24987 22567 23881 24630 
1116 20258 22567 23881 24550 
1117 25114 25109 25121 22567 
1118 25108 25106 25098 22567 
1119 25119 25102 25100 22569 
1120 25146 23015 25136 22569 
1121 25114 25106 20291 24490 
1122 25136 25135 25052 22569 
1123 25109 25097 25135 23881 
1124 23853 22755 25108 25106 
1125 25136 24986 24938 23881 
1126 20046 20258 25135 23881 
1127 25106 25107 20291 24490 
1128 25101 25100 23011 24689 
1129 23609 24184 23480 24689 
1130 23987 23609 24655 20291 
1131 24947 25102 23479 23765 
1132 24673 24894 25135 21727 
1133 22956 24258 25135 22963 
1134 23755 24514 25172 25135 
1135 22956 23112 20230 25135 
1136 25104 25135 24920 24919 
1137 25148 24519 24904 23015 
1138 23853 25109 25108 24490 
1139 25147 22834 20047 25135 
1140 24684 22835 25135 24632 
1141 24186 23766 23015 25135 
1142 23987 25114 25155 25111 
1143 20048 23286 25135 23287 
1144 24519 20047 23011 20174 
1145 25148 23751 20967 25135 
1146 23207 23796 22994 20047 
1147 20224 25107 25135 24551 
1148 24943 25104 25103 24627 
1149 23315 25135 25049 23496 
1150 20291 23286 24923 23496 
1151 20047 24518 21933 23322 
1152 25107 23479 24914 20151 
1153 24670 23479 20314 21369 
1154 24669 20260 25099 20300 
1155 23319 23596 25151 25136 
1156 23467 23207 22994 24215 
1157 25087 23319 25114 25118 
1158 25147 23797 23270 25141 
1159 25114 23015 23270 25052 
1160 23467 25126 22997 24981 
1161 20663 25049 25051 25131 
1162 25126 25127 24811 24645 
1163 23472 22755 22993 25126 
1164 25126 21566 25131 23084 
1165 25104 23112 20228 25127 
1166 23937 25056 24396 23774 
1167 24914 23496 24760 23322 
1168 21229 25129 24914 23496 
1169 24758 25129 25051 24818 
1170 22956 23015 25129 21566 
1171 23467 23796 25129 23813 
1172 22956 24119 20291 20351 
1173 20372 25072 25130 24034 
1174 23319 25130 24982 23087 
1175 24684 25130 25061 23087 
1176 25111 25097 25102 25101 
1177 25096 23467 25141 24221 
1178 23462 23594 25053 25051 
1179 25146 23594 22963 23087 
1180 22893 23594 25077 24763 
1181 23755 20226 20230 23594 
1182 25059 24975 23442 23444 
1183 25103 25117 25107 25101 
1184 25117 25100 20174 22997 
1185 24943 20382 23595 23774 
1186 25148 22834 24954 23480 
1187 20428 22993 24986 25079 
1188 25153 24002 23774 25133 
1189 25106 23594 23818 20151 
1190 20259 20355 24553 24552 
1191 25133 25067 24475 24547 
1192 23536 23594 24551 23083 
1193 24021 25104 25111 25105 
1194 24000 20260 25106 23322 
1195 20047 25097 23818 20302 
1196 25103 24923 25098 20300 
1197 25151 20314 25079 25098 
1198 24000 25107 25099 24553 
1199 20259 23479 21369 24550 
1200 25087 21037 20047 23287 
1201 24670 23943 24937 24554 
1202 24669 21493 23594 24811 
1203 24107 25121 25106 25101 
1204 25108 25107 25101 25039 
1205 23595 20169 25061 23085 
1206 25152 25077 24833 24986 
1207 21866 22835 23595 21933 
1208 24462 24924 25069 24540 
1209 24833 25039 23496 23818 
1210 23319 23911 24894 24221 
1211 25124 25105 25101 25100 
1212 24021 23535 25148 23015 
1213 25041 24923 25054 25049 
1214 25087 21037 24684 23595 
1215 24943 25155 24550 24553 
1216 20967 23776 22536 22537 
1217 23536 25105 20048 25039 
1218 24943 24987 20305 22826 
1219 22993 23596 23595 21304 
1220 23595 23287 24833 23512 
1221 23756 24490 20099 23087 
1222 24671 23871 23596 24986 
1223 24186 22544 23595 20174 
1224 24607 20967 20048 24923 
1225 25097 25099 20099 25098 
1226 20314 20355 24811 24630 
1227 24943 20967 20305 24551 
1228 24400 23315 21037 21727 
1229 24107 23596 25056 23285 
1230 23535 23536 24608 22455 
1231 22834 23596 24068 23480 
1232 20259 24923 23943 24550 
1233 20225 20260 20552 20305 
1234 23628 24514 25152 23322 
1235 24514 22551 24068 24763 
1236 24514 25101 24914 25073 
1237 24514 23011 24933 25080 
1238 24514 25152 24833 25140 
1239 24514 24225 23085 23087 
1240 23628 24514 25104 24804 
1241 25148 24186 25104 24894 
1242 24000 24691 24894 24632 
1243 23097 23628 25039 25067 
1244 23472 24894 25158 23813 
1245 24894 20258 25039 22963 
1246 24004 23751 25172 20099 
1247 22995 23796 22994 25141 
1248 22544 25151 23774 20305 
1249 21493 20048 24518 24923 
1250 24894 25103 25152 25105 
1251 20428 23467 25140 20099 
1252 24833 20126 23727 23818 
1253 24000 25087 23609 20668 
1254 25107 20302 20151 24547 
1255 24691 24987 24518 25067 
1256 22552 25075 20967 25069 
1257 25075 24987 24924 25051 
1258 22455 23943 24225 25068 
1259 25148 24904 25152 24986 
1260 24987 22835 24746 24914 
1261 25139 25120 25111 25102 
1262 24904 24987 20047 24954 
1263 23755 23277 24632 24386 
1264 24758 25133 25068 24215 
1265 22995 22994 25151 22997 
1266 24987 25151 24002 24387 
1267 20046 20258 20259 23765 
1268 24987 25039 24555 24550 
1269 23315 21037 24632 20300 
1270 23791 23797 25107 25100 
1271 25104 25103 25151 20048 
1272 24021 23751 25141 24343 
1273 22995 25152 24225 24041 
1274 25075 21493 24807 24225 
1275 24107 24818 20486 25000 
1276 24260 21493 23512 23083 
1277 23755 21493 25067 23087 
1278 25148 24947 20048 23766 
1279 25096 24914 24632 24041 
1280 24904 25075 22835 21493 
1281 22835 20047 25158 24914 
1282 25096 25148 23911 24904 
1283 25114 25108 21493 24002 
1284 24521 22835 21493 25043 
1285 24184 25155 20988 25078 
1286 24945 24258 24673 20291 
1287 24521 24258 24691 25141 
1288 25148 20048 20305 20302 
1289 23535 24521 24523 24258 
1290 22544 24518 25041 25043 
1291 24904 25172 23766 23015 
1292 25148 23011 21727 20178 
1293 25096 22893 21493 21043 
1294 22509 23315 21866 24448 
1295 20225 25109 20552 25101 
1296 23987 23512 21727 20178 
1297 22544 25042 23442 20297 
1298 25139 24943 20048 23287 
1299 25146 24671 21493 23286 
1300 24021 23911 22963 25079 
1301 23011 20994 24807 23322 
1302 23871 23286 23287 22963 
1303 24671 23871 24684 20967 
1304 24000 23755 24684 20355 
1305 24632 24041 24938 24937 
1306 25087 23319 23609 21037 
1307 24665 24943 20297 24551 
1308 24671 20967 20178 23087 
1309 24669 21493 25043 24810 
1310 23755 21493 20048 20299 
1311 20225 20552 20178 24546 
1312 25087 20314 24938 24937 
1313 24324 25153 25158 24633 
1314 25085 25153 20048 23480 
1315 25153 25039 25061 23085 
1316 25103 25108 25153 25133 
1317 22834 25176 25153 23480 
1318 25153 25042 24760 20297 
1319 25153 20302 20151 24553 
1320 25153 24041 24343 24547 
1321 23790 23796 22544 25153 
1322 25175 24923 24924 25049 
1323 24691 23112 25046 20228 
1324 22834 23015 20314 23480 
1325 24669 25175 24347 21786 
1326 24186 25175 24387 23279 
1327 22993 25175 24215 20302 
1328 23987 24945 25175 25049 
1329 25148 24665 25121 20303 
1330 24021 25059 24607 24347 
1331 20260 25176 20259 25145 
1332 25075 25074 25176 23442 
1333 22737 24945 24691 25172 
1334 24519 25172 24518 23087 
1335 24945 24673 22834 25172 
1336 24684 24673 25172 22963 
1337 25059 23500 23512 20178 
1338 22956 22455 24760 24813 
1339 25074 25172 23943 24630 
1340 25114 25121 20046 25039 
1341 23987 24021 24478 25101 
1342 25075 25105 25097 25079 
1343 25103 20046 25105 25099 
1344 23751 20291 23479 23765 
1345 25087 20046 23479 23727 
1346 20046 20259 23765 20668 
1347 20046 25099 25098 21956 
1348 20046 25106 24833 23496 
1349 20046 22536 23500 25079 
1350 24607 23536 25108 22826 
1351 25105 24119 23479 25098 
1352 24523 24691 20047 23087 
1353 25148 25146 20047 20297 
1354 24258 24673 20047 22963 
1355 20047 23011 20304 20302 
1356 25146 24521 20047 20967 
1357 20047 23766 24632 24329 
1358 24943 25104 25155 25097 
1359 23315 20047 24806 25098 
1360 23790 24684 20047 21727 
1361 20047 23766 23011 20994 
1362 20048 23011 24763 20988 
1363 20047 23766 20994 25171 
1364 24400 23315 20304 22826 
1365 20047 23286 23287 20988 
1366 25146 22536 22537 24041 
1367 25139 24943 23286 20663 
1368 24107 24986 25070 24954 
1369 24519 22994 22993 20967 
1370 23871 24684 21727 20178 
1371 24669 24670 20047 21566 
1372 25109 24914 25049 23818 
1373 25155 25108 25105 20994 
1374 24669 24518 23286 24923 
1375 20047 24923 20299 20300 
1376 23207 24806 24034 24475 
1377 24920 24919 20355 24811 
1378 24671 21037 21956 24553 
1379 23987 20258 20259 20314 
1380 23755 20047 24833 21727 
1381 25087 23500 20178 23087 
1382 25124 20967 25099 20305 
1383 24669 23796 22993 20258 
1384 25087 25097 24920 25067 
1385 24671 22826 20302 24546 
1386 25124 22455 23943 24813 
1387 25147 22834 20048 21727 
1388 23755 24758 20967 23286 
1389 24523 25070 24954 24804 
1390 24519 23871 20048 20299 
1391 20048 25100 22963 20151 
1392 22994 25043 24914 22997 
1393 25108 25105 23011 23287 
1394 25105 20048 25100 23287 
1395 25148 20967 23766 23480 
1396 25114 25108 25107 24914 
1397 20048 24518 20988 23480 
1398 25121 25111 25101 25100 
1399 24021 20967 24555 24550 
1400 22956 25124 20259 23087 
1401 25104 25103 22544 25101 
1402 25155 20967 20994 24806 
1403 25117 20967 25100 24923 
1404 23871 24684 20967 22963 
1405 23011 23286 23747 20355 
1406 20428 24945 25085 20099 
1407 25104 25109 25155 25118 
1408 24518 24396 23442 21727 
1409 25120 25119 25117 24933 
1410 24943 22834 22835 20351 
1411 25120 25118 24807 20486 
1412 22956 23853 25125 24673 
1413 24655 25121 25100 20303 
1414 23797 22994 24041 23800 
1415 20428 25107 25097 25098 
1416 23853 22834 22963 23480 
1417 22956 20428 22834 23480 
1418 20663 22536 22537 25098 
1419 24518 23286 20299 20300 
1420 25148 22826 23818 24813 
1421 23853 24670 24923 25039 
1422 24923 24924 25054 24247 
1423 22835 25107 25039 23087 
1424 23361 23147 23112 20230 
1425 24259 24673 22835 22963 
1426 25148 25155 23015 25080 
1427 25148 23871 22835 23087 
1428 22835 25097 23015 25099 
1429 23755 22835 23766 23087 
1430 24947 25103 25121 23015 
1431 22835 22460 25171 23087 
1432 25148 24521 24632 24627 
1433 24186 24521 21933 24627 
1434 24521 25114 23015 22963 
1435 25148 25146 22544 25067 
1436 24186 24923 24924 25051 
1437 24186 25147 20260 20258 
1438 23319 24521 22835 23015 
1439 24943 25104 24746 23496 
1440 22956 25146 23853 20348 
1441 23871 24673 22835 23766 
1442 24004 24947 25071 24758 
1443 22755 22835 23015 24041 
1444 24000 25039 24226 24804 
1445 23871 24691 24673 22963 
1446 24904 25147 23790 24833 
1447 25074 24397 24807 20174 
1448 25074 23011 20303 20302 
1449 23755 25139 24633 22963 
1450 25146 24904 23287 21566 
1451 24904 23011 20174 23480 
1452 22956 25103 23818 23480 
1453 24904 23015 25039 23087 
1454 22956 24673 20291 22963 
1455 22956 24607 23853 24608 
1456 23813 24221 23800 24343 
1457 23871 23015 23286 20178 
1458 25146 24521 24523 24655 
1459 24000 25059 24521 23015 
1460 25114 25109 25119 25155 
1461 25147 24523 23015 23512 
1462 24523 23015 25099 25098 
1463 25103 25097 25101 23480 
1464 24665 24919 20994 24630 
1465 25054 20994 24807 24247 
1466 22956 24519 25146 23287 
1467 23286 25052 25053 24247 
1468 24021 25075 24943 25074 
1469 25125 24665 25097 24833 
1470 23479 23765 25069 24221 
1471 23479 23765 25068 20099 
1472 23479 25099 20151 21369 
1473 24021 24607 25099 24633 
1474 23479 23765 20994 24986 
1475 24904 24691 22826 20302 
1476 24943 24632 23818 23480 
1477 23755 24943 24655 23480 
1478 23911 23765 20126 23727 
1479 23987 20291 23765 24475 
1480 24947 25114 23135 20988 
1481 24462 23112 23766 20228 
1482 25103 25106 24329 24633 
1483 24203 24258 24691 24119 
1484 22995 25085 24221 24041 
1485 23319 25052 24247 24215 
1486 22544 23937 24002 24396 
1487 25109 25119 25117 25089 
1488 25139 24518 24221 24933 
1489 25085 20260 24632 24225 
1490 24184 24519 23472 25072 
1491 23097 24518 25053 25049 
1492 25096 24518 24632 24041 
1493 25141 25158 25039 25078 
1494 24924 25145 23813 24221 
1495 24107 25054 23500 25068 
1496 24519 25104 24518 23087 
1497 25109 25155 25121 20291 
1498 24000 24943 24462 20291 
1499 22956 25103 25109 25100 
1500 24924 25051 24806 23500 
1501 24258 24655 24691 23512 
1502 25104 25100 20303 20305 
1503 24924 25052 25049 23818 
1504 23536 24107 24665 22455 
1505 25148 23755 24943 23442 
1506 24904 23791 23796 24215 
1507 25146 24760 20299 24810 
1508 23987 25147 24627 23512 
1509 20224 25147 20551 25078 
1510 25108 25101 25079 25080 
1511 24943 25106 25100 20126 
1512 21229 24000 22509 25117 
1513 22737 23278 23285 25000 
1514 22737 24221 25000 24351 
1515 22737 23467 22995 24351 
1516 24000 25096 23911 20258 
1517 21229 24000 24924 25054 
1518 24000 23755 24945 24923 
1519 22544 25057 24975 23442 
1520 24000 24670 24765 25077 
1521 23535 24203 23853 25044 
1522 23462 23207 23796 24034 
1523 24000 25104 25121 23496 
1524 24000 21566 23591 24547 
1525 24607 23796 22993 25102 
1526 24000 20258 20178 24811 
1527 25049 24919 25073 21956 
1528 22956 20428 20355 20099 
1529 24000 25106 23500 25079 
1530 24021 24004 23751 24943 
1531 24947 22755 24478 23813 
1532 25059 25052 25073 20151 
1533 25059 23911 22755 22993 
1534 25059 24002 23442 24386 
1535 25059 23797 23871 20178 
1536 23207 23796 24924 23818 
1537 22994 22993 20230 20228 
1538 25049 20151 20099 20299 
1539 23472 22994 25102 25098 
1540 24947 23797 25155 20099 
1541 23853 25097 20099 21956 
1542 24632 24806 20314 24034 
1543 23609 22993 25044 24041 
1544 20428 25141 24920 24490 
1545 25111 25102 24920 20099 
1546 20259 22537 20099 23087 
1547 23467 22994 22993 23087 
1548 23535 25124 24914 24041 
1549 22995 22392 22994 24041 
1550 22392 23747 23813 24221 
1551 23609 23472 22755 24075 
1552 24186 23467 22755 22994 
1553 24259 22755 24673 23512 
1554 23207 22584 22755 24215 
1555 23207 22755 22994 22993 
1556 23207 22755 25171 24215 
1557 23797 25051 25050 24490 
1558 23207 22994 24982 24981 
1559 23207 22755 22993 23591 
1560 23207 22755 24041 25038 
1561 23796 22993 24914 24041 
1562 22993 24225 24351 22997 
1563 23755 23207 24068 24914 
1564 23207 23797 22993 24215 
1565 23207 23797 22993 23800 
1566 23536 24608 23207 24655 
1567 23796 22994 23592 25132 
1568 23472 23796 22993 24343 
1569 24184 23207 24098 23800 
1570 23796 22993 23500 25079 
1571 23911 22994 20126 23727 
1572 25089 25098 21369 20668 
1573 23207 22994 25067 25098 
1574 22995 23207 23796 24215 
1575 25124 22994 24215 22997 
1576 25108 23818 20297 21956 
1577 23791 23207 23797 24225 
1578 22995 25074 25041 23322 
1579 22995 25158 25140 24351 
1580 23467 24746 24041 24347 
1581 24021 24947 23446 22997 
1582 25104 24760 25069 22997 
1583 23207 20126 23813 24351 
1584 23797 25069 24954 24215 
1585 24608 25085 20142 20663 
1586 21229 24608 23467 25068 
1587 23987 23774 25158 23813 
1588 23756 20225 20552 23943 
1589 23796 25133 23800 24215 
1590 20227 24671 23796 25109 
1591 22956 25111 20994 25171 
1592 25125 23797 24833 23087 
1593 23797 23628 23627 24347 
1594 23756 23797 25055 24215 
1595 25125 23797 25104 25111 
1596 23797 25141 20994 24215 
1597 23797 23442 25141 24547 
1598 24184 24945 24221 23800 
1599 23756 25072 24758 24324 
1600 24758 25104 25140 23800 
1601 24184 23800 21369 20668 
1602 23319 21866 20291 24034 
1603 23756 24921 25049 23818 
1604 25096 25087 22584 24041 
1605 24746 24098 24115 24041 
1606 25101 24914 24632 24041 
1607 25117 24002 24975 24041 
1608 25158 24919 24041 24347 
1609 24758 24324 25141 24343 
1610 24607 25140 25133 24215 
1611 25121 25105 24098 24343 
1612 24021 25171 24343 24475 
1613 24259 24691 25158 24833 
1614 20230 24920 24833 23500 
1615 24203 24833 22827 20668 
1616 23987 24924 25052 24806 
1617 24947 24924 25052 24914 
1618 25139 25119 23442 25070 
1619 25072 20230 20228 24914 
1620 21229 23535 23853 25140 
1621 25108 25107 25101 24633 
1622 20230 20552 25140 24475 
1623 22956 25125 25108 25101 
1624 24655 25103 25158 25093 
1625 23853 25139 25158 24547 
1626 22956 23853 20260 25098 
1627 22956 23853 24746 24986 
1628 24655 25051 22827 21369 
1629 24947 24746 20988 25145 
1630 24943 24923 24746 24804 
1631 23751 24655 25108 24748 
1632 24021 25108 25100 25079 
1633 24021 25089 25093 25145 
1634 25114 25104 25039 20302 
1635 23911 24945 22460 25171 
1636 23937 24396 23445 25039 
1637 24947 24945 24002 25039 
1638 24950 25109 25051 25098 
1639 23755 24945 24068 25039 
1640 25133 25039 25070 20381 
1641 23751 23776 22537 25067 
1642 20382 25133 25039 24632 
1643 23535 25124 24684 24691 
1644 24758 23776 22827 20668 
1645 24765 24763 20126 23727 
1646 25097 23727 24098 24115 
1647 22550 24974 20994 24806 
1648 24068 20988 23500 25079 
1649 22544 23774 20994 25171 
1650 25055 24919 23496 22279 
1651 23097 22552 25107 22305 
1652 25099 23943 23818 25098 
1653 20260 22455 23943 24550 
1654 23751 22455 25068 25098 
1655 25105 25107 25099 23727 
1656 24258 24673 20291 24475 
1657 25049 25050 24806 21956 
1658 25111 25116 25178 25102 
1659 23756 23315 21037 24807 
1660 25102 25100 25171 25098 
1661 20291 24923 24924 20355 
1662 24607 25107 25101 20355 
1663 24982 22912 25132 25038 
1664 24947 25121 25102 25069 
1665 20230 20228 24632 24561 
1666 23937 25057 23702 24633 
1667 24004 24947 25071 24329 
1668 25108 25121 25102 24329 
1669 24004 24184 24758 24329 
1670 23751 25114 25121 25105 
1671 24004 23756 24184 21944 
1672 23756 24789 23279 25133 
1673 25070 24954 25000 24804 
1674 24671 20305 22826 24555 
1675 24107 25133 24986 25068 
1676 24665 25074 24002 23442 
1677 25119 25102 25100 24627 
1678 20225 20552 24812 24813 
1679 20258 20259 20314 24546 
1680 25042 24002 23496 20297 
1681 24607 25103 25111 22826 
1682 24669 23776 22827 24630 
1683 23756 25085 25102 24818 
1684 25087 23319 24247 24818 
1685 20227 20226 24655 24923 
1686 25104 23496 25098 21956 
1687 24478 24387 23774 24920 
1688 25087 25049 25079 22827 
1689 23500 25079 22827 21369 
1690 25114 25105 25106 23818 
1691 24184 25072 25105 25055 
1692 25111 24247 23085 23087 
1693 23853 25124 25054 24247 
1694 21229 23535 24324 25049 
1695 23751 25102 24924 24490 
1696 23911 24324 25055 24818 
1697 21229 24203 23853 25124 
1698 24765 25077 24763 24818 
1699 23755 24923 25053 24818 
1700 25139 25075 20291 24919 
1701 24758 25155 24924 25052 
1702 23444 23446 24920 24448 
1703 25109 25106 25100 24920 
1704 24924 20663 22826 25051 
1705 23987 24923 24924 20486 
1706 25087 24947 24923 24924 
1707 22550 23285 23445 24923 
1708 23319 24923 25052 25050 
1709 22544 24387 23442 24540 
1710 24004 24758 24924 25049 
1711 25121 24924 25055 25050 
1712 23319 25104 25105 25054 
1713 22550 23029 23444 20663 
1714 23756 20258 20259 20663 
1715 23322 25073 21304 23087 
1716 20382 23774 20988 25079 
1717 25085 23871 25079 21786 
1718 25139 25101 25100 25079 
1719 25069 24954 25067 24804 
1720 25041 24397 20174 20381 
1721 25042 25044 25100 20486 
1722 22544 23442 23776 20174 
1723 20226 24258 24259 20291 
1724 23755 20227 20226 20178 
1725 24186 24607 25075 20486 
1726 23756 25109 25111 20291 
1727 23987 20226 24671 20230 
1728 20226 24655 20230 20228 
1729 23536 24671 24550 24552 
1730 24691 23852 22963 23512 
1731 24258 24691 23112 22963 
1732 23609 23315 24684 25114 
1733 24673 24068 22963 23512 
1734 20226 24258 24259 24673 
1735 25096 24258 21037 24673 
1736 23871 20230 20228 20304 
1737 24021 24665 20382 23774 
1738 25073 23852 24098 25000 
1739 21198 25072 24758 24324 
1740 25087 23357 22893 21037 
1741 23609 23315 25114 25106 
1742 24947 24462 25105 25102 
1743 25096 25044 25097 25068 
1744 21229 23535 23536 25107 
1745 23535 23853 23536 25124 
1746 21229 23536 25125 24608 
1747 24021 23853 23536 25124 
1748 21229 24607 25125 24608 
1749 23535 25124 23112 20228 
1750 23535 23536 24608 25116 
1751 25124 20260 22827 21369 
1752 25104 25100 25099 20299 
1753 25125 22551 23442 23285 
1754 24004 20227 20552 22827 
1755 20142 20230 20228 23087 
1756 23755 25041 20291 23442 
1757 23987 24004 23756 25044 
1758 25097 24627 25098 20299 
1759 25097 20305 20302 24551 
1760 24943 23442 20988 25098 
1761 25109 20303 24550 24546 
1762 25104 25119 25107 25100 
1763 24004 24758 25121 25105 
1764 23755 25104 25110 25078 
1765 23751 24947 25139 22544 
1766 24186 25104 25155 25117 
1767 25139 25114 25155 25117 
1768 24947 25071 24324 25114 
1769 20372 24324 23937 25069 
1770 25155 23931 24763 23087 
1771 24021 23277 20988 24386 
1772 24397 24789 23774 20381 
1773 23030 24002 23774 20381 
1774 24002 25057 23776 20381 
1775 24002 23442 23446 24386 
1776 24943 23937 23442 23276 
1777 22544 23442 23852 24098 
1778 23442 23776 24763 24386 
1779 23029 24788 23285 20988 
1780 24107 22551 24974 24788 
1781 22550 23285 23445 23446 
1782 22550 25056 24974 24396 
1783 24974 23285 23276 24226 
1784 25072 22550 22551 21933 
1785 23029 24974 23285 23774 
1786 22550 24789 23085 23087 
1787 22550 24396 24788 23285 
1788 23755 23937 20291 24974 
1789 22550 23776 23774 23446 
1790 23029 23937 24068 25077 
1791 24186 24758 24324 24462 
1792 23756 25072 25061 23087 
1793 22552 25070 24226 24804 
1794 23357 24068 24763 23083 
1795 24068 24765 24763 23087 
1796 21933 23322 24627 23087 
