1 15796 15578 15699 15810 
2 14432 15788 10606 12408 
3 10478 15716 14036 12246 
4 15277 15328 15512 15780 
5 15598 10396 10391 15699 
6 15342 10596 10482 15780 
7 15598 15192 10585 15780 
8 15119 15755 14036 15780 
9 15632 12051 10480 14274 
10 13955 14578 14274 10161 
11 10202 14603 15600 14043 
12 15578 15280 15698 15780 
13 15712 15713 13755 15780 
14 15788 15789 15511 13960 
15 10396 12301 15201 10316 
16 10202 14204 15040 15780 
17 15753 14576 15119 15780 
18 14081 13277 15197 15122 
19 10232 14021 14043 15194 
20 15709 15563 15208 15780 
21 15192 15403 14791 15780 
22 15786 15322 15780 15744 
23 10195 15564 14982 15780 
24 15215 10772 15747 14626 
25 15191 10290 14576 10009 
26 14459 15748 15780 15115 
27 15215 15166 14036 15780 
28 15215 14982 15122 15817 
29 14373 15817 14587 15118 
30 15786 15268 15454 15780 
31 10195 15780 13340 15128 
32 15425 10288 10289 15780 
33 10532 15760 15780 15146 
34 15597 15534 15280 14761 
35 13483 10194 15780 15137 
36 13761 10016 14718 15820 
37 15762 14772 14605 10016 
38 10478 12871 13761 13197 
39 13761 10016 13088 13087 
40 15724 10016 15136 12246 
41 15742 15608 15699 15698 
42 15700 13761 15705 15703 
43 15152 15456 10016 15378 
44 15269 14492 15813 10016 
45 14979 14978 15795 13761 
46 15771 15786 15628 10016 
47 15709 15790 10016 12408 
48 14806 13761 10016 14861 
49 15771 15575 15427 15786 
50 15578 15448 15698 10016 
51 14373 15699 10016 14520 
52 15699 14520 15705 15703 
53 15725 15545 15795 10016 
54 10690 15699 10016 14520 
55 15735 15699 15700 10016 
56 15152 15418 10166 10016 
57 15597 15228 14520 13755 
58 15771 15629 14454 14603 
59 14238 15322 14861 15744 
60 15425 15776 14482 15812 
61 15738 10232 14492 10604 
62 15100 14238 15136 15748 
63 15776 12408 14444 12246 
64 15214 14205 15597 12495 
65 14622 15813 14640 10167 
66 15742 15743 14578 15280 
67 15717 10166 10167 10113 
68 15190 14036 13755 13340 
69 15628 15629 15699 12408 
70 14793 15040 13345 12408 
71 13960 10232 14642 15810 
72 15621 15747 15159 12408 
73 15762 15564 13345 14893 
74 12642 15425 15511 12408 
75 15214 14355 14677 10288 
76 15190 10288 15563 14642 
77 15564 10373 12495 15779 
78 14620 14640 10801 15808 
79 15214 15166 15788 15729 
80 15166 10289 15789 12408 
81 12408 10103 10104 15727 
82 10690 14374 14758 12408 
83 15100 10232 14376 12828 
84 12642 15304 15752 10232 
85 10289 10290 15322 15262 
86 10772 15600 10606 12408 
87 10202 10532 14365 15795 
88 12360 13996 13087 15808 
89 15707 12051 15817 12408 
90 15629 14373 14459 15136 
91 10195 14576 15119 15146 
92 14772 15597 10594 12408 
93 15759 14576 10589 15118 
94 10533 10194 15706 15628 
95 10290 12408 15136 10853 
96 15551 15196 14373 15145 
97 10232 10042 14969 15748 
98 14992 15163 15460 10232 
99 13371 14253 14861 10197 
100 12408 15142 15194 15381 
101 14483 10003 14791 15140 
102 15579 15511 15790 15747 
103 10194 15709 15280 10197 
104 13977 13957 14036 10853 
105 10232 10159 12408 13340 
106 10594 14036 12408 15818 
107 15197 12052 10197 15127 
108 14203 14603 10042 15133 
109 10531 15817 12408 15125 
110 15190 15511 10606 10589 
111 15191 15800 10008 15140 
112 10533 15707 15706 12828 
113 15762 10289 10290 15551 
114 10533 10532 15734 15145 
115 15214 10232 10003 15110 
116 10533 10194 14357 10606 
117 15760 13774 12408 15110 
118 15564 15322 10589 14861 
119 10532 10232 12408 15128 
120 14614 14238 15190 15808 
121 14483 14642 12021 10853 
122 10532 12408 15381 15126 
123 14578 14408 10042 14969 
124 13437 12964 10595 15138 
125 15760 14036 13340 12893 
126 15709 15706 15195 12359 
127 15760 13437 12408 15138 
128 15564 15096 15322 14454 
129 10232 15808 10686 15140 
130 10532 13955 12408 15135 
131 15163 14576 12408 15137 
132 15570 15759 14374 14036 
133 15119 12871 10578 10853 
134 15759 15196 12408 15113 
135 15511 15817 15152 14642 
136 15166 15119 14373 15531 
137 15166 10103 13087 15705 
138 10585 10009 15127 15118 
139 13371 14253 13437 10596 
140 14238 14482 10008 15135 
141 12408 15728 15194 15710 
142 15632 13957 14642 10003 
143 13424 15119 15563 15808 
144 10772 10585 12408 15144 
145 14982 15511 14626 10853 
146 15551 14576 15228 15113 
147 10194 15191 15110 15115 
148 13483 10312 10313 15623 
149 15511 15228 10042 12408 
150 10047 12828 10686 15140 
151 10532 10585 15128 15115 
152 10532 13424 15268 10853 
153 10533 12408 10102 15110 
154 15579 15403 14791 15382 
155 15197 13957 15122 15342 
156 10531 15781 10477 13087 
157 15709 14365 14483 10479 
158 15385 15322 15563 12408 
159 14274 13761 13197 14520 
160 15807 14622 15136 15378 
161 15597 15799 15801 13761 
162 15776 15699 13761 13299 
163 15427 14759 15700 13761 
164 15401 15700 14625 13088 
165 13761 14861 14520 14969 
166 10232 13761 14718 14520 
167 10311 10374 15699 13761 
168 15427 15786 15628 13761 
169 15328 15100 15304 14520 
170 10801 15700 15136 14520 
171 15807 15790 13761 14520 
172 10313 10374 14036 14861 
173 15771 15776 14036 14861 
174 15214 15579 15575 14036 
175 15564 15511 14761 14376 
176 14620 14893 10604 14036 
177 14205 14207 15561 14036 
178 14155 14759 14376 14036 
179 15807 15750 13960 14036 
180 15778 12074 10772 14036 
181 15096 15786 14155 14759 
182 14155 15004 14376 14758 
183 14435 15597 15775 14870 
184 15168 14204 14992 15782 
185 10690 10594 15699 14520 
186 15512 15718 14761 15004 
187 15778 15159 14626 14021 
188 12822 15793 14373 15731 
189 14982 15788 15629 15262 
190 13277 10202 15597 14982 
191 10202 14482 14043 14036 
192 15760 13977 15551 10853 
193 14978 15738 13344 15813 
194 15762 15579 15570 15561 
195 15385 10316 14375 14036 
196 14207 14203 15193 15624 
197 15760 10290 14036 15136 
198 15096 14357 14772 15237 
199 10533 15728 15729 15382 
200 14793 14677 10373 14036 
201 14238 14374 10606 10686 
202 13955 10589 12909 14036 
203 15534 15788 15159 14374 
204 15166 15192 15418 15698 
205 15331 15628 10585 14043 
206 15597 15799 14743 14036 
207 14365 10391 15600 15808 
208 15190 15742 15789 15817 
209 10374 15757 14940 10257 
210 15734 13957 14576 10316 
211 14482 10480 14036 15728 
212 13977 15199 14036 15710 
213 10533 10532 15545 14036 
214 15796 15738 14893 14520 
215 10316 14870 14374 10854 
216 13345 14620 14893 14036 
217 15578 15579 15208 10197 
218 15425 10373 15228 10091 
219 10531 15791 14578 10009 
220 15215 10531 15564 15621 
221 15534 14036 15623 10197 
222 10531 15328 15195 10158 
223 14253 14238 14587 15145 
224 13424 15265 14043 15145 
225 15564 15190 14373 14036 
226 15709 14626 10853 15115 
227 15793 15792 14021 14036 
228 15163 15611 10158 15135 
229 15280 15781 14626 14483 
230 15760 15534 13957 15122 
231 14578 13960 13297 13755 
232 15215 15738 14626 14036 
233 10194 15208 15145 15146 
234 10194 15119 15122 10853 
235 15769 15576 15578 15136 
236 15427 12301 15201 14520 
237 14622 15717 14520 15730 
238 14568 15738 14520 10032 
239 15734 15747 14520 10483 
240 15708 14274 13344 14520 
241 12642 13345 13344 14520 
242 14432 15621 14793 15757 
243 13345 13344 15700 14520 
244 15760 15191 14620 14520 
245 13977 15799 15280 15748 
246 15600 14375 15228 14520 
247 15600 14520 15421 15748 
248 14482 14408 14446 14520 
249 14979 13371 13957 14520 
250 10595 10104 15421 15744 
251 15166 15322 15815 15710 
252 15788 15122 14021 14520 
253 13437 12964 14520 15125 
254 10533 14043 14520 10102 
255 15747 10477 15459 15145 
256 14758 15229 15699 15795 
257 15767 15797 14454 14861 
258 15762 15763 15628 10578 
259 15737 15597 15799 12359 
260 14620 14622 15813 14640 
261 15427 15608 15698 14861 
262 14677 15561 15748 10032 
263 15767 15797 15788 15334 
264 15763 15534 14969 15421 
265 15215 15551 13996 15705 
266 15427 15786 14576 14861 
267 15564 15776 14373 14861 
268 15771 15403 14791 13563 
269 15197 15342 15306 15727 
270 15427 15817 14861 15381 
271 15322 10606 14861 15818 
272 15534 15454 14870 14459 
273 13483 15759 10290 15122 
274 15760 14483 15136 15144 
275 15707 14603 15698 15133 
276 14356 15597 13774 15140 
277 10194 15564 14408 15118 
278 15191 15192 10596 10008 
279 15621 14978 15322 15753 
280 15796 15570 15512 14982 
281 15796 10531 15791 14861 
282 15759 14861 10009 15118 
283 15142 15711 15382 15115 
284 14982 14274 10042 10197 
285 15796 10532 15418 15703 
286 10232 15136 14625 13859 
287 10391 10484 12054 15136 
288 14373 15549 15548 15136 
289 15549 15722 15723 12246 
290 15762 15585 15201 15628 
291 15716 14444 15748 15727 
292 15632 15298 14626 15808 
293 15193 15306 15136 15729 
294 15166 14982 15136 10102 
295 10533 15753 14408 13340 
296 15191 14603 15136 15728 
297 10532 15579 10373 15735 
298 15811 15817 15136 15145 
299 14870 14587 14274 15194 
300 15764 15629 14603 14043 
301 15767 15766 15797 15576 
302 15628 15454 14454 10801 
303 15598 15307 15714 15698 
304 15761 15597 15228 15698 
305 15214 14205 10373 13297 
306 15761 14385 14238 14068 
307 14205 14207 15597 15698 
308 14385 15596 15752 15817 
309 10202 14207 15598 15228 
310 14207 15040 15398 15698 
311 15771 15585 15628 15716 
312 15214 15307 12246 13299 
313 15796 15762 15459 15698 
314 15776 15725 15724 15748 
315 15163 14483 15717 12246 
316 15769 14677 15229 13755 
317 14205 14207 15776 12524 
318 15786 15608 15269 14603 
319 14207 15698 14806 12496 
320 15425 14793 14891 15698 
321 15764 14982 15152 15698 
322 14605 14606 14435 15517 
323 15755 14620 15813 14893 
324 15761 15764 15763 15792 
325 15100 15628 14626 15716 
326 15208 15714 13299 15726 
327 15786 15629 15608 10606 
328 15578 15759 15628 10690 
329 15628 14578 15698 13087 
330 15761 15040 15752 15698 
331 15306 14449 15698 14444 
332 14432 14606 15379 15420 
333 15512 15545 15698 13340 
334 15307 15715 10159 15713 
335 15786 15322 15753 15698 
336 15709 15706 15322 10313 
337 15761 14207 15597 15040 
338 15237 15596 15304 15752 
339 12054 14642 15698 10483 
340 15761 15016 15040 15304 
341 14793 15208 13755 15727 
342 14432 15788 15322 13075 
343 14793 15040 10589 13299 
344 15328 14238 15208 15698 
345 15195 15529 10588 12909 
346 10532 15401 14021 15698 
347 15761 15747 14454 15698 
348 15764 15709 15623 15127 
349 15799 15197 15600 14622 
350 15698 13297 15728 15729 
351 10194 15745 15793 15802 
352 15016 14203 13955 15040 
353 15385 15800 15698 14806 
354 14355 14356 10009 15728 
355 10289 13955 14578 10373 
356 15166 15152 15418 15528 
357 10316 15698 15729 15382 
358 15762 13955 15698 12893 
359 14204 15331 14578 10159 
360 15564 10316 15040 15237 
361 15425 15229 15698 15137 
362 15166 15781 15747 15817 
363 15786 15196 15758 15194 
364 13088 13087 15382 15126 
365 15551 15747 14374 13088 
366 15781 15159 13996 14021 
367 13424 15268 10103 10853 
368 15195 10477 15563 15144 
369 15628 15511 15711 15710 
370 14376 15699 14806 15705 
371 14021 13087 15748 15140 
372 15767 15802 15699 10853 
373 15771 10195 15100 15699 
374 15769 15764 10531 15795 
375 15100 14979 14758 15779 
376 15168 15624 15398 15795 
377 15814 10396 12301 10484 
378 13705 14033 14234 14791 
379 15797 15328 15813 14640 
380 15709 15436 15280 10374 
381 15706 14155 14870 14791 
382 15772 15797 15403 14791 
383 13772 15752 15403 14791 
384 10288 15545 15712 15713 
385 15632 10772 10482 10483 
386 15578 15579 15788 15304 
387 15712 15713 14444 15730 
388 15628 15629 13345 13344 
389 15763 14982 15403 14791 
390 13277 10202 14791 15727 
391 14614 15534 15403 14791 
392 15763 15709 15747 10853 
393 15578 10042 14940 15704 
394 15214 14772 14622 14791 
395 10194 15403 14791 10578 
396 14791 15623 10853 15146 
397 15166 10477 15811 15381 
398 15600 15403 14791 10853 
399 15534 13997 14791 10686 
400 15322 14587 15808 13755 
401 15551 14576 15623 10197 
402 15579 15709 15436 14806 
403 15208 15306 14806 15729 
404 15456 14806 14625 10854 
405 14772 14677 14642 10606 
406 15800 15817 14806 15727 
407 15598 15459 15228 15334 
408 14614 12074 15792 15810 
409 15766 15797 15702 15334 
410 15427 15512 15702 15334 
411 15778 10003 15334 12828 
412 15575 15800 15702 15334 
413 15578 15789 15738 15702 
414 12642 15298 15040 15334 
415 15328 15702 15334 13755 
416 13996 14376 10686 10257 
417 15579 15570 14603 12495 
418 15766 13483 15328 10690 
419 13277 15702 15334 12496 
420 12822 15328 14482 14892 
421 10606 10003 15403 15748 
422 10047 10042 12828 15144 
423 15578 15579 15280 15702 
424 15763 15575 15725 15724 
425 14430 15280 15229 15702 
426 15797 15788 15040 15702 
427 10373 15040 15229 15702 
428 10288 10290 15208 15702 
429 10396 12301 15201 15812 
430 10003 14940 15379 15703 
431 14940 10083 15704 15705 
432 15597 15534 15420 15808 
433 15786 15287 14375 13437 
434 14614 10047 10003 15808 
435 15385 15628 10047 12828 
436 15096 15753 14408 10316 
437 15814 12050 15812 14021 
438 15322 13075 12909 10008 
439 10202 15016 12909 10003 
440 15753 10589 15382 15146 
441 15551 15511 14483 10003 
442 14253 12871 10003 15146 
443 10003 15378 15421 10853 
444 10533 15197 10003 10479 
445 15193 10091 15142 15128 
446 13483 10532 15623 15142 
447 10531 10594 15142 15140 
448 15796 15579 14357 14982 
449 10533 15215 10531 10853 
450 10531 15159 10003 14969 
451 15706 15122 14743 15600 
452 14793 15799 15736 13340 
453 15621 15707 15534 14587 
454 14274 14893 15712 10042 
455 10316 15237 10042 13087 
456 13772 15190 15752 14603 
457 14992 15786 10042 14940 
458 15215 15707 10042 10084 
459 15214 10166 10042 10113 
460 10396 15199 15812 13437 
461 15807 15790 14376 15810 
462 15425 13957 15122 10042 
463 15576 15621 15624 10161 
464 15632 15737 10042 12828 
465 15764 15578 15579 15728 
466 10288 10289 10047 15194 
467 10531 15193 12964 10596 
468 10531 10197 15110 15144 
469 15511 14274 10042 12021 
470 10290 15563 10042 10853 
471 14642 10047 10083 12828 
472 15096 12074 12828 15703 
473 15770 15759 10047 15732 
474 14759 15004 15419 15808 
475 10047 14625 14740 13561 
476 15579 15575 15228 10047 
477 15769 15511 15790 15280 
478 14772 14605 14891 14892 
479 15796 15576 15760 10595 
480 15632 15534 14603 10047 
481 15215 15799 13088 15705 
482 13277 12642 15198 15199 
483 14432 15197 15237 15726 
484 15776 15597 15747 15228 
485 15762 15096 12524 12126 
486 10047 15379 12828 15728 
487 10532 15725 15724 15731 
488 15331 14365 10104 15726 
489 10232 14375 10047 10257 
490 10533 10288 10290 10480 
491 13955 15753 15757 10047 
492 15708 15159 12828 10197 
493 15709 15119 12359 15421 
494 15096 13437 10595 15382 
495 10289 15195 12361 15531 
496 13371 14253 15722 15115 
497 15193 10478 10477 14603 
498 12871 12052 15382 15126 
499 15814 13997 12828 10197 
500 10195 15760 15818 10853 
501 15195 10313 14483 12050 
502 10531 15193 13755 15818 
503 10194 15322 14743 10047 
504 13424 15265 15342 15110 
505 10194 15708 15115 15146 
506 15401 14068 10083 15820 
507 14614 15512 10083 15704 
508 14376 14940 13087 15704 
509 15096 15427 15703 15808 
510 13996 15229 10084 13755 
511 15287 14375 14376 12828 
512 10690 15815 15418 13344 
513 15629 15436 14375 14376 
514 13774 12361 10478 15194 
515 15706 15747 12828 10578 
516 15778 15512 12074 13088 
517 15814 15709 15188 15791 
518 13484 14386 15786 14376 
519 14386 14385 15776 13424 
520 14677 13955 14578 10009 
521 15781 13088 15808 10197 
522 15322 15269 15268 15528 
523 15511 10606 15421 15748 
524 15788 15789 13997 10594 
525 13483 10195 15197 15342 
526 10595 13088 13087 10102 
527 15578 15190 15789 15265 
528 15766 15578 13774 15747 
529 15598 14940 13088 15820 
530 10595 10594 10103 15726 
531 10532 15322 15753 15705 
532 10531 10195 13088 10008 
533 10195 15789 14408 15125 
534 13705 14505 15448 14940 
535 14625 13563 13859 14940 
536 15163 15611 15229 10588 
537 15425 15704 15421 15808 
538 15159 10606 10161 14940 
539 14375 14374 14940 10578 
540 14614 15197 15781 15125 
541 10369 15753 10232 14969 
542 14772 14870 14374 14969 
543 15307 15715 10158 15748 
544 15753 10312 10313 14969 
545 14483 15563 15720 15127 
546 14576 12909 14969 15623 
547 10195 15191 14969 15135 
548 15762 15575 15570 14982 
549 14238 15511 14376 15378 
550 15791 10588 15378 10257 
551 15331 12051 10480 15378 
552 15632 15786 13996 14893 
553 10195 15197 15342 15600 
554 13483 14772 10589 15378 
555 14356 15598 15781 10585 
556 15632 14253 10801 15379 
557 15814 15632 15379 15420 
558 14373 15703 15419 15194 
559 15096 14614 15704 15421 
560 14677 14482 15313 10113 
561 15575 14978 14238 15379 
562 10804 14772 15379 15420 
563 15534 14021 15420 15419 
564 15277 14614 14979 15808 
565 15759 14408 10596 13297 
566 15791 12054 15421 10482 
567 15734 13561 15420 15419 
568 15549 15548 10166 10167 
569 15530 10104 10102 15419 
570 15791 15735 15419 15127 
571 15753 14408 15703 15419 
572 13997 15712 10103 15420 
573 13484 12054 15421 15748 
574 14642 15421 15732 15731 
575 15745 10091 15727 10686 
576 15576 15551 14642 13345 
577 15707 15190 15421 10854 
578 15197 10478 10166 10167 
579 15709 15781 15748 15145 
580 15632 15579 14707 14978 
581 14677 14605 15800 15817 
582 15040 14274 15748 15732 
583 15268 13996 15229 15228 
584 12822 15723 10113 13299 
585 15796 15762 15575 13960 
586 15747 10606 15726 15729 
587 15817 15418 15714 15712 
588 14620 14640 15723 10801 
589 15331 15198 15201 15812 
590 15796 15228 15561 13297 
591 15789 15381 15126 15138 
592 15705 15703 10482 10483 
593 14483 13997 14021 15703 
594 15096 15425 15600 15705 
595 15708 15196 15703 15126 
596 15385 13997 15705 15703 
597 15764 15793 14759 15704 
598 15781 15747 14626 10257 
599 10532 15781 15563 15704 
600 15817 14043 15704 10853 
601 14432 15277 14505 15705 
602 13277 13977 15298 15144 
603 14033 15517 10091 10102 
604 14204 15456 14274 10102 
605 12524 14743 15738 15735 
606 10316 15237 15398 15755 
607 15512 14482 12054 10483 
608 10804 14356 14614 14677 
609 10804 14793 14677 13997 
610 10288 10396 15201 15812 
611 15600 10166 10167 10854 
612 10588 12909 15711 15710 
613 10589 12909 10009 15728 
614 14793 14677 10008 15726 
615 10533 15197 15722 15729 
616 15331 10391 15198 15199 
617 14432 14772 14793 10588 
618 10804 15776 15775 15728 
619 12642 14578 13345 13344 
620 14430 14923 15782 15531 
621 14793 15734 15198 10009 
622 15427 10290 15196 10008 
623 10533 15096 14979 10482 
624 15166 15801 13299 15726 
625 14432 14793 10009 10102 
626 14625 13859 14060 14740 
627 10533 10531 13345 13344 
628 13277 10202 15016 14207 
629 14793 10316 15237 10091 
630 15328 10091 10102 10853 
631 15192 10008 13340 15133 
632 10531 15817 15208 10585 
633 10194 14021 15623 15135 
634 10194 12524 14743 14603 
635 15709 14576 15736 10232 
636 10531 13075 10008 15126 
637 10533 12021 12893 15110 
638 15531 15530 10103 15127 
639 10531 10091 10102 15144 
640 14482 15531 15530 15135 
641 15166 14482 12361 14373 
642 15193 15818 15381 15110 
643 14408 15793 13345 13344 
644 10533 15119 12361 10008 
645 15193 15192 10103 15125 
646 15195 12524 14743 15194 
647 10009 10686 10257 10853 
648 15425 13955 10008 15137 
649 15192 13437 12964 10008 
650 15122 15563 15757 10197 
651 15192 10008 15138 15133 
652 14568 14992 14043 15126 
653 15269 15268 10091 15113 
654 15191 10008 15127 15128 
655 10195 15191 10008 15137 
656 10533 10532 10316 15237 
657 10288 10289 10396 15199 
658 15579 15268 10091 10008 
659 10194 15623 10197 15125 
660 15331 15196 15194 15381 
661 15632 10531 15100 15133 
662 13277 15100 14274 15113 
663 13955 13345 13344 10009 
664 15776 15733 14482 15789 
665 14614 15712 15713 15808 
666 14449 10595 10104 10091 
667 15723 10102 15732 13299 
668 14432 15738 14373 15800 
669 10532 15197 10166 10009 
670 13437 10594 10009 15808 
671 10533 10478 10477 14642 
672 12964 10167 10596 15729 
673 14642 15722 10166 10167 
674 13424 15268 10091 10102 
675 15706 12359 15808 10482 
676 12822 13299 13297 13755 
677 15759 10313 12495 10009 
678 15551 15196 10606 15125 
679 15322 14626 15736 15529 
680 10194 15195 12524 10091 
681 10531 14357 15145 15528 
682 10194 15192 15563 10160 
683 15425 13955 14642 10009 
684 13774 10009 13297 15125 
685 10477 10479 15382 15126 
686 15722 15723 10091 10102 
687 15724 15722 10596 10091 
688 10533 10606 10091 10102 
689 10194 15195 15196 15728 
690 10532 10588 10103 15623 
691 15195 15342 15135 15140 
692 10533 10531 10159 15115 
693 13371 10091 10102 15146 
694 10531 15799 14483 10102 
695 15193 15119 15382 15146 
696 10373 15306 14449 10103 
697 15100 15448 10103 15808 
698 15328 15096 15512 15262 
699 15723 10167 10103 15748 
700 14707 14978 15810 15726 
701 15261 15262 13299 10032 
702 15815 15802 15801 10167 
703 15331 14446 15711 15710 
704 15706 15511 10596 15808 
705 15418 15530 10103 10104 
706 13774 15786 15742 15744 
707 12524 10103 13755 15726 
708 14357 15548 10103 15728 
709 15214 14677 15747 10104 
710 10595 10594 10166 10167 
711 15122 14870 15711 15710 
712 15628 15629 15322 15744 
713 14568 14992 10686 10257 
714 15706 10103 13299 13755 
715 15512 14982 15551 14374 
716 15551 13344 15711 15710 
717 15198 12495 10160 10104 
718 15385 15531 15808 15711 
719 10531 15734 15193 15786 
720 15166 15511 15800 10104 
721 15268 15781 15747 10853 
722 15706 14374 10606 10104 
723 10533 15159 10585 10104 
724 10533 13774 10606 15711 
725 14992 15611 10104 15127 
726 15096 15711 15710 10853 
727 15706 14642 12964 10103 
728 10195 15322 15208 15113 
729 15776 14238 15817 10104 
730 15776 14482 15722 10104 
731 15776 10104 15727 12021 
732 15762 15576 15328 15799 
733 10312 10313 15145 15711 
734 15709 15799 13957 10853 
735 10533 15781 15342 12052 
736 15757 10104 15113 15135 
737 12301 15600 15307 15714 
738 15214 15632 15716 15714 
739 14482 14373 15800 12246 
740 14155 15752 14761 14870 
741 14033 10595 10596 10113 
742 14482 14640 10113 12246 
743 14793 14605 14505 13299 
744 14446 15261 10113 13299 
745 14373 14446 10113 14444 
746 15715 10113 12246 15732 
747 15418 15725 15716 15714 
748 15709 15800 15811 14821 
749 14614 14978 15734 12301 
750 14620 15813 15716 10113 
751 15214 15307 12246 13299 
752 10478 15561 10113 13299 
753 15306 15717 10113 15732 
754 10531 10532 15545 10113 
755 15725 15724 15722 15723 
756 14482 15723 10113 15732 
757 15262 15722 15723 12246 
758 10478 10477 15817 12246 
759 15197 15342 10113 12246 
760 10478 12050 10167 10113 
761 12822 14772 14677 15729 
762 15307 15712 15713 12246 
763 15331 14373 14642 14446 
764 15800 15716 15801 13299 
765 13638 15549 15548 12246 
766 10477 14449 15716 12246 
767 12822 14373 15549 15723 
768 15418 15722 10166 10167 
769 10391 12126 14068 10161 
770 15512 15313 14444 15808 
771 15015 14446 14444 13299 
772 14482 15800 15306 15715 
773 15331 15716 15717 15545 
774 14033 14432 14234 15517 
775 15512 14622 14446 14640 
776 14793 13774 15717 14444 
777 15427 14449 14446 15716 
778 15277 15427 15716 14444 
779 15313 15716 14043 10578 
780 14238 14482 15716 10166 
781 15632 15166 15331 14446 
782 14446 15716 15715 14444 
783 12053 14620 15813 14444 
784 13277 14365 15712 14444 
785 15789 15713 14444 15730 
786 15313 14446 14444 15727 
787 13977 15549 15548 15712 
788 15214 15530 10588 14444 
789 15331 14446 15716 10032 
790 10316 10159 14444 10854 
791 14449 13340 12021 12893 
792 14614 15776 15307 15716 
793 13345 13344 14446 15722 
794 15166 14446 15732 13297 
795 15769 14620 14446 10604 
796 10478 12871 14446 15716 
797 13484 15313 15716 15727 
798 15306 15715 10801 15729 
799 15628 15322 15712 15744 
800 12126 12964 10594 15528 
801 15776 14482 14821 15714 
802 14373 15307 15545 13299 
803 14793 15549 14821 14991 
804 15789 15712 15713 15732 
805 14204 14991 15715 15723 
806 15776 14622 15813 10801 
807 13960 14622 15813 14893 
808 10690 15460 15758 14376 
809 15214 15579 15096 15512 
810 15168 10202 14207 15596 
811 14155 14870 14758 15725 
812 15781 15747 14626 14454 
813 14234 14435 15775 14483 
814 15578 15152 14622 14625 
815 14432 14889 15517 15280 
816 15761 14662 15799 15743 
817 15100 15799 15119 15802 
818 15735 15460 14620 14622 
819 13277 15015 15425 15228 
820 15767 15766 15764 15575 
821 14432 15262 13299 13755 
822 14707 10311 14923 15810 
823 13772 15168 10391 15596 
824 15771 15762 15764 15628 
825 15796 15459 15563 13297 
826 15016 15427 14238 15551 
827 14772 14606 14892 15789 
828 15814 15188 10396 15198 
829 15734 10396 15201 15596 
830 12524 15735 14870 15004 
831 15761 15764 15579 15575 
832 15766 15760 15776 10588 
833 10232 15229 13297 13755 
834 15193 13345 13344 15228 
835 15735 15563 13297 13755 
836 13371 14043 13561 15146 
837 13277 15802 15801 10686 
838 15759 15799 15791 13345 
839 12642 14677 10232 15229 
840 12642 14677 14483 12893 
841 10202 14238 12021 12893 
842 15576 15269 15265 15228 
843 15015 15191 14923 15624 
844 15761 10195 15576 15623 
845 15570 10478 15208 12021 
846 15570 15328 15534 13297 
847 15456 12126 14274 15142 
848 12359 12361 14626 14483 
849 15759 15228 15623 10853 
850 15706 15119 15122 15126 
851 10532 14576 14587 14642 
852 10533 10195 15113 15118 
853 13483 14355 14356 15137 
854 15815 15208 14043 15115 
855 10533 14357 15747 14454 
856 14459 14274 10197 10853 
857 14707 15789 13960 10686 
858 15229 14893 10801 10604 
859 15770 15762 15576 13997 
860 14978 15119 15229 14620 
861 13772 15277 15777 15304 
862 14205 14206 10374 15561 
863 15770 15797 15575 15743 
864 13772 14207 15624 15229 
865 14207 15304 15229 13297 
866 15767 15578 10374 13297 
867 14707 14979 15778 12074 
868 14207 14626 15624 15459 
869 15576 15570 14982 10290 
870 15570 15759 15237 15229 
871 15766 10195 15758 15801 
872 10532 15096 15304 15229 
873 10194 14578 15237 15140 
874 15799 10313 14603 10197 
875 15706 15747 15113 15127 
876 10290 15119 10478 14603 
877 15208 15623 13340 10197 
878 15745 15306 15712 15713 
879 15331 15307 15545 15732 
880 14068 15306 15715 15732 
881 13638 15307 15714 13299 
882 14642 15306 10166 10167 
883 10772 15807 15511 15716 
884 13484 15307 15717 15545 
885 14373 15306 14622 14640 
886 14432 14758 15717 10594 
887 15331 15786 14626 15717 
888 15776 15306 15716 15729 
889 12822 15331 15628 15716 
890 15166 15817 15717 10166 
891 15786 15742 15815 15716 
892 15313 10166 10167 10596 
893 15796 15576 15578 15570 
894 15193 15237 15306 14043 
895 13345 15307 13344 15726 
896 14677 13774 15307 15726 
897 15632 15707 14603 10161 
898 13977 15298 15716 12496 
899 15714 10160 15713 12893 
900 14482 15791 15306 15713 
901 10533 14430 14992 15724 
902 10288 15715 15714 10160 
903 15331 10396 12524 10606 
904 14772 15551 15307 15716 
905 12361 15306 10160 15712 
906 15331 15313 15713 15728 
907 15307 15418 15545 13755 
908 15813 14640 15715 10801 
909 14482 15551 14373 15726 
910 14793 14605 14890 15313 
911 14677 14605 15799 15817 
912 15331 15152 15716 15732 
913 15313 15716 13299 15727 
914 14205 14207 15817 15313 
915 14605 15517 15735 15736 
916 14620 15313 14640 10159 
917 15191 14761 15800 15727 
918 12822 15799 15313 15531 
919 15716 10166 10167 10479 
920 14677 15418 15715 15727 
921 14356 15193 15531 15529 
922 14232 14793 14677 15313 
923 15313 15722 15723 15729 
924 15313 10588 12909 15528 
925 15817 15725 15724 15731 
926 10316 12050 12051 15528 
927 12054 15262 10483 15381 
928 15385 13996 10480 10479 
929 15725 15724 10166 15711 
930 13437 12964 10596 15381 
931 15196 13437 10596 15711 
932 15166 15789 10589 15382 
933 15193 15192 15710 15146 
934 15208 12964 10595 15381 
935 15331 14365 15710 15381 
936 15193 14043 15381 15382 
937 10532 10585 15381 15138 
938 10533 15342 15126 15138 
939 15575 14238 15789 15711 
940 10533 12361 15128 15144 
941 10772 12050 10479 15194 
942 14043 15711 15710 15144 
943 15551 14642 14043 15194 
944 10477 12871 15381 15110 
945 15817 15342 15382 15110 
946 15511 13755 15623 15710 
947 10532 15706 15196 15710 
948 13774 15196 15817 14043 
949 10532 15776 13955 15382 
950 15193 10290 15381 15133 
951 14743 15381 15126 15720 
952 13483 15208 15142 15382 
953 15191 15745 12964 15125 
954 15331 15725 15730 15382 
955 14375 12126 13437 12964 
956 15632 15551 15563 10158 
957 15331 15159 14626 15711 
958 10532 15418 15730 15731 
959 15778 15799 15280 15810 
960 15436 15280 15040 14373 
961 15328 14614 15512 15747 
962 15328 15096 15629 13299 
963 13955 15152 15545 15732 
964 14357 15511 14578 10582 
965 14432 14642 15714 15732 
966 13484 15328 15624 15732 
967 14033 15716 15724 15732 
968 15166 15722 15801 10032 
969 15096 15512 15790 15813 
970 14979 15733 15551 15748 
971 15328 15733 10316 15237 
972 15004 14375 14642 14043 
973 15807 15152 14625 13563 
974 15449 15788 10690 10477 
975 15815 15716 15717 13299 
976 13955 15813 14893 10257 
977 15715 15714 15545 15727 
978 15706 10772 15815 15261 
979 15738 14620 15813 14640 
980 14978 10772 13960 10232 
981 15632 15196 15549 15548 
982 15763 15742 15322 15818 
983 10533 10532 10606 15145 
984 10194 13371 15598 15142 
985 15733 15152 15545 13299 
986 15814 15188 15716 15717 
987 14492 15714 15545 10604 
988 15776 14482 15716 15727 
989 10288 10289 15714 15727 
990 15763 14669 15711 15710 
991 10531 10289 13299 15710 
992 14982 15774 15712 15713 
993 15277 14978 15778 15713 
994 10531 15529 15712 15713 
995 15585 15629 15608 15748 
996 15632 15597 15608 14652 
997 10391 15813 10801 13563 
998 15163 15611 10160 14652 
999 14793 14677 15196 14578 
1000 10532 15192 15528 15133 
1001 15191 15192 10160 15128 
1002 10257 13340 12893 15127 
1003 15166 15753 10158 10853 
1004 14408 15122 15145 15118 
1005 15191 15192 10158 15138 
1006 12126 10158 13340 12893 
1007 15564 15759 10312 10313 
1008 10533 10531 15600 15720 
1009 15191 15193 15530 10853 
1010 14356 15191 10158 15128 
1011 15163 15611 15782 15138 
1012 14614 15600 15194 15144 
1013 15191 15193 15530 10853 
1014 15195 15194 15140 15118 
1015 15191 10158 15142 15140 
1016 15564 14454 15563 10585 
1017 14614 14482 12021 12893 
1018 13955 14408 10159 15118 
1019 15576 15193 14483 15138 
1020 15192 15125 15144 15140 
1021 10194 10195 15195 15194 
1022 14870 14758 13075 10159 
1023 15166 10374 15800 15815 
1024 10531 15208 13344 10161 
1025 15707 15721 12359 15529 
1026 15578 15621 13437 13297 
1027 13955 14576 15208 10159 
1028 14772 10160 10161 15133 
1029 14576 13437 12964 10161 
1030 10531 15530 10197 15146 
1031 14081 13277 15015 14454 
1032 15100 15192 15528 15118 
1033 13075 10160 12909 15135 
1034 15425 10478 12871 10161 
1035 14870 10167 10482 10483 
1036 13483 14355 10289 15137 
1037 15776 15733 10391 15817 
1038 15328 15733 15817 15342 
1039 15598 14483 15757 14043 
1040 15192 10232 12964 10595 
1041 15733 15730 15731 10482 
1042 15214 10288 10289 15529 
1043 15799 15195 10480 15529 
1044 15214 15425 15191 15529 
1045 15096 13997 12495 12909 
1046 15195 10594 15530 15194 
1047 15776 15529 15110 15115 
1048 10533 15192 10288 10289 
1049 15632 10477 12496 15623 
1050 13075 10588 10479 15528 
1051 15762 15015 15585 15531 
1052 14482 15122 12050 12053 
1053 12301 15201 14692 10484 
1054 14692 10484 15722 15723 
1055 15722 15723 15730 15731 
1056 15166 15456 14274 15722 
1057 15166 15752 15802 15729 
1058 10194 12053 15723 10197 
1059 10804 14793 14677 15788 
1060 15342 15600 15723 15726 
1061 15725 15724 15730 15731 
1062 15214 14432 15725 15724 
1063 15427 15815 15756 13563 
1064 15738 14622 14893 15729 
1065 14793 15628 13299 13755 
1066 14432 14772 14626 15728 
1067 12642 14207 15624 15728 
1068 14982 15193 15748 15726 
1069 14620 14622 13299 15726 
1070 14978 15427 14626 15729 
1071 12822 15776 13755 15726 
1072 14432 14622 14893 14640 
1073 15747 10606 15728 15623 
1074 13772 15168 15398 15752 
1075 15576 15575 14238 15563 
1076 15733 15817 15600 15732 
1077 13483 10391 13960 15732 
1078 10391 12054 15812 10483 
1079 14492 14620 14640 10801 
1080 15770 15570 13371 15512 
1081 14576 15119 14893 10801 
1082 13371 14253 15268 15237 
1083 15168 14206 13977 15304 
1084 13977 14587 15756 13107 
1085 14408 15561 13297 13755 
1086 14081 13977 14772 15596 
1087 13772 13277 12642 15298 
1088 15578 15096 15512 15563 
1089 14355 13977 15298 15511 
1090 14203 13977 15597 13955 
1091 15762 13977 15298 14253 
1092 12642 15298 14238 10606 
1093 14356 13977 15298 14274 
1094 15015 14205 15425 14073 
1095 15168 15632 14073 14587 
1096 15766 14204 14430 15600 
1097 15764 15579 15570 15280 
1098 13277 15777 14073 15788 
1099 15781 14483 13996 15808 
1100 14253 15199 15122 15549 
1101 15762 14253 15534 15122 
1102 13483 10194 14253 15208 
1103 15576 15570 14356 15194 
1104 14386 14385 15734 15190 
1105 13638 15598 14677 15152 
1106 10477 15800 15815 15802 
1107 13638 14603 15208 14758 
1108 15706 12361 14761 14870 
1109 15706 14483 14692 10484 
1110 14492 14640 10604 14652 
1111 15706 15721 12359 14740 
1112 15709 15706 14578 14576 
1113 15096 15778 15512 14021 
1114 15100 14979 15709 13960 
1115 15709 12360 15735 15758 
1116 13957 15280 15261 15561 
1117 15551 15122 13345 13344 
1118 15214 15215 14992 14374 
1119 15707 15706 12524 12359 
1120 15814 15706 12126 13755 
1121 15576 15706 12360 14483 
1122 13483 10532 15563 15623 
1123 13955 14576 15208 15623 
1124 10532 15425 15706 13424 
1125 15706 15747 15563 15138 
1126 15796 15214 15706 10373 
1127 15191 12909 10197 15113 
1128 15190 14576 15110 15144 
1129 10289 10290 15322 15135 
1130 10194 10195 15709 14576 
1131 15766 15760 15706 15280 
1132 15709 15706 12361 15127 
1133 15706 13957 10589 10588 
1134 10531 15706 15788 15159 
1135 15576 15575 15570 15596 
1136 15709 12524 14743 14459 
1137 15564 15799 15040 15748 
1138 10804 15707 14772 10232 
1139 15707 15708 14743 10853 
1140 15708 14793 15757 10606 
1141 15575 15570 15621 14454 
1142 15708 15197 15791 15119 
1143 13483 15708 15720 15146 
1144 15192 15551 14642 15110 
1145 13277 15753 13957 14408 
1146 15709 14743 12359 14483 
1147 15767 15040 14021 12126 
1148 15512 14459 14492 14893 
1149 15767 15578 15585 15709 
1150 15576 15578 15709 15790 
1151 15709 14375 14376 14374 
1152 15709 12054 10482 10483 
1153 15576 15709 15119 14459 
1154 14365 12126 10594 12496 
1155 14979 15709 15788 14761 
1156 15796 15762 15788 14374 
1157 15197 13957 15781 10686 
1158 15570 15512 15280 14626 
1159 14355 15425 12074 12987 
1160 15769 15214 15799 14870 
1161 15214 15459 12495 13299 
1162 15762 15015 14365 15738 
1163 14081 15016 15096 14356 
1164 15761 15016 15788 12496 
1165 15632 10690 15152 14375 
1166 14356 14793 10288 12495 
1167 15512 10374 14021 10606 
1168 15195 15196 15040 15600 
1169 15759 13957 13997 14603 
1170 14992 14870 14375 10257 
1171 15512 14772 10288 10289 
1172 14772 15287 14375 14376 
1173 15761 15629 13955 10588 
1174 15163 15385 15511 15611 
1175 10804 14432 14677 10606 
1176 12642 14355 14576 10373 
1177 15762 15576 15551 14459 
1178 15214 14355 15425 14238 
1179 14357 15549 15342 10585 
1180 15761 15579 15759 15788 
1181 14355 14707 15322 15753 
1182 15796 14772 15190 10594 
1183 15621 14978 15534 14408 
1184 10202 14203 15197 15342 
1185 15761 15776 14357 14482 
1186 13277 14206 15197 15342 
1187 15788 15199 15735 15548 
1188 15214 14365 15040 15600 
1189 15198 12054 10482 10483 
1190 14355 14356 14365 12361 
1191 14355 14356 15192 15128 
1192 12642 13297 12893 15128 
1193 10531 15759 14355 13955 
1194 10194 10588 13297 15194 
1195 15762 10532 13955 15137 
1196 15796 15761 15191 15193 
1197 15760 15269 15265 14587 
1198 14355 15425 15628 15137 
1199 10532 15564 13957 13075 
1200 15759 15760 14355 15137 
1201 14204 15192 10477 12871 
1202 15214 14355 12909 15135 
1203 15163 15611 15342 15138 
1204 15767 15796 15576 10853 
1205 14356 14482 10585 15125 
1206 10533 15262 15142 15818 
1207 15214 15760 14355 15817 
1208 10532 14576 12964 15128 
1209 13483 15760 14365 10197 
1210 15534 15122 14459 15194 
1211 15759 14982 13424 15265 
1212 14356 14357 14605 15817 
1213 14356 14576 14408 15040 
1214 15280 14642 15813 10801 
1215 15799 15551 13563 15779 
1216 15761 15168 14207 15629 
1217 15814 15425 14793 15198 
1218 15770 14207 15561 13299 
1219 13955 14578 13345 13344 
1220 14357 14982 10313 15265 
1221 15564 14793 14482 13297 
1222 10194 10606 15623 15145 
1223 14357 15799 15756 14640 
1224 15436 15792 15237 15304 
1225 14357 15190 10313 10232 
1226 10195 14357 13297 15115 
1227 15214 10194 15425 15196 
1228 15564 14238 14982 14578 
1229 14677 15597 14982 14889 
1230 15168 15016 14982 15596 
1231 14982 15789 15436 14576 
1232 14205 14206 10374 15752 
1233 15796 15762 15759 10585 
1234 15769 15767 15576 15579 
1235 15788 10690 14021 10257 
1236 14614 14982 10772 10578 
1237 15632 15737 14982 13075 
1238 10804 14982 13297 13755 
1239 15621 15597 14982 15159 
1240 15759 14238 15791 10853 
1241 10195 10532 14982 10594 
1242 15195 15196 10596 10853 
1243 15576 15597 15040 15208 
1244 15597 14568 15799 15748 
1245 14386 14385 15799 10232 
1246 13277 15597 15799 15752 
1247 14432 15776 15597 14483 
1248 15016 14205 15597 13297 
1249 14206 15597 14482 15561 
1250 15761 14386 15598 15597 
1251 15796 15763 14454 13344 
1252 15621 15597 15119 15456 
1253 15534 15261 10032 15818 
1254 12642 10396 15198 14603 
1255 15168 15015 15016 14385 
1256 15168 10396 10391 15201 
1257 14365 15608 15322 15261 
1258 15331 14482 12301 15201 
1259 13484 14386 14385 15004 
1260 15598 14238 15287 15755 
1261 14365 12301 15198 15201 
1262 14205 14206 14707 14793 
1263 15198 15201 15735 14492 
1264 15166 14978 14772 15810 
1265 10396 12301 15201 15812 
1266 10391 14893 14640 10801 
1267 14386 14365 10396 10391 
1268 15512 10391 15563 15812 
1269 10396 15198 15551 12051 
1270 10202 15570 14207 15624 
1271 12054 12909 10482 10483 
1272 14386 10396 15201 15398 
1273 15159 15735 14376 14374 
1274 15579 14978 13957 15342 
1275 15761 10312 10313 14459 
1276 14204 10391 15198 15600 
1277 14081 15199 12361 15342 
1278 14365 15197 12050 14587 
1279 15534 15788 15549 10854 
1280 14365 12909 10686 10257 
1281 15096 15598 14365 10374 
1282 10288 10289 14483 15126 
1283 14603 14870 14375 14587 
1284 14365 12361 10585 15133 
1285 10533 14365 15192 15623 
1286 12359 14483 15623 15133 
1287 10532 14365 15563 15135 
1288 15759 14373 12495 15118 
1289 14365 15196 14459 14021 
1290 15598 14365 15192 15133 
1291 10531 15760 14365 15385 
1292 10533 14365 14587 15756 
1293 13484 15188 12301 15198 
1294 15814 15188 12301 15812 
1295 15814 15188 10396 15812 
1296 15814 15788 14758 10032 
1297 15814 15188 12301 15201 
1298 15188 15199 10484 10579 
1299 15188 12301 12054 10483 
1300 15814 15760 15188 15342 
1301 15331 10396 10316 15812 
1302 15814 15788 15201 15812 
1303 10532 15331 15196 15791 
1304 15598 13774 15511 14375 
1305 15401 15004 14375 14374 
1306 15632 15015 15789 15792 
1307 13772 15797 15621 15304 
1308 14454 13859 12496 13561 
1309 15578 15579 14578 10690 
1310 15770 10202 15598 15611 
1311 10311 14568 15788 10690 
1312 13484 15598 15791 15792 
1313 15015 14206 14926 15460 
1314 15762 15764 15585 15628 
1315 15570 15159 14483 14021 
1316 10533 15215 15201 15735 
1317 15579 15456 10606 10595 
1318 12642 15598 15197 15808 
1319 10195 14677 15753 13345 
1320 15632 13277 14772 14622 
1321 15016 15760 14677 10585 
1322 13277 10288 10289 10290 
1323 13277 15621 14568 15629 
1324 15632 15598 15159 15145 
1325 13483 15191 13774 15133 
1326 10195 15598 13424 15753 
1327 14238 10478 14454 10197 
1328 13483 15759 10578 10197 
1329 15578 12301 15201 15812 
1330 10396 12301 15201 15812 
1331 14204 15734 10391 15201 
1332 15781 14626 14454 14439 
1333 15734 12301 15201 15812 
1334 15734 10484 10497 12054 
1335 15796 15770 15578 15534 
1336 15734 10391 15198 10483 
1337 15734 10391 15198 12054 
1338 15576 15534 10396 15600 
1339 15734 15195 15322 15611 
1340 10202 15578 15734 12021 
1341 15214 15632 15760 15734 
1342 15734 15197 10478 12496 
1343 15576 10396 15201 13437 
1344 14081 15814 15198 13075 
1345 15814 15199 10312 10313 
1346 14432 14772 10391 14274 
1347 15214 10202 15575 15280 
1348 15632 10202 14203 12495 
1349 15215 14432 15736 12496 
1350 14793 10373 15269 15265 
1351 15735 15342 15600 15748 
1352 15632 14870 15456 14642 
1353 15214 13483 15563 10585 
1354 13483 10194 13075 12909 
1355 15214 10533 14578 14576 
1356 15215 14587 13563 13859 
1357 10290 15781 14374 10686 
1358 15570 15585 12021 12893 
1359 15215 14614 14870 14374 
1360 15215 14432 15425 14614 
1361 15760 10289 15163 15125 
1362 15096 14761 15812 14758 
1363 13772 14081 14204 14203 
1364 15632 14759 14375 14376 
1365 15632 15579 15628 15561 
1366 13960 14576 15119 15758 
1367 10531 13483 10595 10596 
1368 10531 13483 15192 10595 
1369 13483 15427 10312 10197 
1370 15632 10195 10589 15623 
1371 13774 15192 12050 10479 
1372 13561 10686 15115 15146 
1373 15168 15737 14207 15752 
1374 14614 14603 15261 10032 
1375 15193 12964 10596 15137 
1376 10194 15195 10595 15194 
1377 10194 15760 15195 12361 
1378 15600 15808 12021 15128 
1379 14238 10478 14454 10197 
1380 10195 15277 15100 15777 
1381 10195 14642 10594 10596 
1382 14432 10195 14375 10589 
1383 13483 15193 15137 15115 
1384 10195 15781 15342 15118 
1385 13957 15269 14870 10606 
1386 10195 15564 15563 15118 
1387 13483 15534 15196 10197 
1388 15808 15623 10197 15113 
1389 10195 13075 15623 15113 
1390 13483 10195 15760 10853 
1391 10531 13483 15193 15280 
1392 13424 15551 15511 15142 
1393 10195 15579 15760 15193 
1394 15196 14483 15563 10479 
1395 10288 14870 15287 10197 
1396 15193 15623 10197 15137 
1397 15551 15742 15743 15744 
1398 13483 15564 10197 15113 
1399 15195 10232 14274 10197 
1400 14206 15800 15815 15802 
1401 14386 15040 14642 15561 
1402 15575 14385 14620 14640 
1403 10202 14207 14203 15624 
1404 13277 10202 14578 13960 
1405 14081 14204 15596 10032 
1406 14386 15195 15398 10589 
1407 13277 14386 14385 15398 
1408 15764 10202 15759 15585 
1409 10202 12642 15624 15304 
1410 15197 10316 15237 15342 
1411 12642 15425 13955 15122 
1412 10202 15759 10289 15808 
1413 15385 10690 15287 14758 
1414 10202 15198 15199 13075 
1415 14081 15195 15196 14068 
1416 13277 12642 10391 15199 
1417 14081 10202 15016 14576 
1418 12642 14204 14677 15268 
1419 12642 14203 13955 15781 
1420 15742 15743 15611 10853 
1421 10202 15016 15760 14274 
1422 12642 15564 14992 15808 
1423 10804 14432 15575 14772 
1424 15570 13774 15192 15115 
1425 15743 15747 15159 15744 
1426 15761 13277 15425 15456 
1427 13484 12642 15166 14587 
1428 13484 12642 15277 14238 
1429 13277 14205 15624 13340 
1430 15766 12642 14203 14408 
1431 13484 12642 15040 15561 
1432 15761 12642 15799 15159 
1433 13277 10391 10316 15237 
1434 12642 14238 14482 15197 
1435 12642 14203 14677 10686 
1436 14081 15199 15551 15152 
1437 13277 15197 15342 13075 
1438 15016 13997 13996 12893 
1439 13277 12642 15040 15237 
1440 14081 12642 15425 15534 
1441 14081 10396 10391 15122 
1442 13277 15328 12964 15808 
1443 15762 15576 15579 15755 
1444 13277 14386 10396 15398 
1445 14614 14978 15791 15122 
1446 15767 15766 15796 15280 
1447 15570 10316 15237 15623 
1448 15564 15570 15759 15748 
1449 15195 10588 15623 15194 
1450 13483 15208 10585 15137 
1451 10532 13955 10313 15208 
1452 15425 13297 15623 15127 
1453 13483 10532 15621 15138 
1454 13075 10589 15623 10853 
1455 15322 15563 14274 15125 
1456 15191 12050 13075 12052 
1457 13483 13955 10595 15125 
1458 10531 15759 13424 10373 
1459 10531 12301 15201 15812 
1460 13484 14692 10484 12054 
1461 15015 15778 12074 15755 
1462 15771 15427 15628 15608 
1463 15460 15758 15755 14021 
1464 13772 15425 15201 15398 
1465 13484 14205 14206 15735 
1466 15766 15797 15585 15512 
1467 15772 15015 15190 15152 
1468 14206 15201 15398 15812 
1469 13772 15168 14207 15596 
1470 13484 14204 15040 10589 
1471 15168 15781 15456 15755 
1472 13484 14081 15015 15304 
1473 13772 15015 15752 12909 
1474 13772 15304 14459 14274 
1475 13772 10396 15199 15596 
1476 15016 15806 15454 15738 
1477 15788 14155 14761 14375 
1478 14081 14203 15748 15749 
1479 10391 15201 15624 15812 
1480 15277 15776 15456 15810 
1481 14203 15752 15208 12893 
1482 15789 15119 15122 15135 
1483 15564 15119 14274 15110 
1484 10396 10391 12301 15201 
1485 14207 15624 15755 13107 
1486 15564 15425 15776 15040 
1487 14385 12360 15600 14376 
1488 15576 15575 15570 15040 
1489 15168 14386 15100 15304 
1490 14207 15199 15752 15748 
1491 15766 14207 15277 15040 
1492 14207 10396 15201 15398 
1493 14207 15624 15752 14021 
1494 14207 15199 15398 12053 
1495 14385 10374 15398 14603 
1496 15796 15762 14385 15398 
1497 15168 14385 14893 10604 
1498 15015 14978 14568 15398 
1499 10290 14578 15119 10257 
1500 15796 15579 15760 15191 
1501 15769 15166 15585 15815 
1502 14234 15166 15807 15738 
1503 15166 14759 15152 15004 
1504 14772 14606 15815 15817 
1505 15166 15629 15436 15280 
1506 15564 15166 15113 10853 
1507 15745 15551 15743 15748 
1508 15776 10391 15199 15304 
1509 10531 15512 14642 13075 
1510 15277 14626 15810 15144 
1511 15776 14482 13297 15623 
1512 15576 15575 15585 15152 
1513 15197 13960 15342 14459 
1514 14430 10311 14923 14274 
1515 10804 14576 15736 10232 
1516 15534 15786 10232 10594 
1517 15753 14408 10232 13297 
1518 10533 14408 10232 12909 
1519 15427 15262 13755 15142 
1520 13996 10232 14642 10606 
1521 13644 15665 15460 13297 
1522 15517 15735 15736 13644 
1523 14155 14870 14759 14376 
1524 15738 15735 15736 14492 
1525 14707 15735 15755 14459 
1526 14793 14435 15735 15736 
1527 14432 14435 15449 15735 
1528 15735 13997 14870 14376 
1529 15807 15736 15262 10032 
1530 15459 14870 14374 10257 
1531 13996 15779 12496 10853 
1532 15761 15621 15738 14622 
1533 13960 15738 14459 14893 
1534 15806 15738 10801 10604 
1535 15096 15778 12359 15738 
1536 10804 15775 15738 15262 
1537 14625 13859 14060 13561 
1538 15621 14772 14568 15551 
1539 15163 15511 15611 10686 
1540 13345 13344 10686 10257 
1541 13997 12126 14274 10257 
1542 14234 15328 14793 10257 
1543 15578 15575 14375 10257 
1544 15621 14375 14376 14374 
1545 10288 10290 14374 10257 
1546 13955 14576 15563 10257 
1547 15342 15600 14374 10686 
1548 15579 15621 13075 10686 
1549 14978 13996 15756 10686 
1550 15789 15511 14373 15817 
1551 15576 15512 14408 15159 
1552 15786 13960 15280 15401 
1553 15786 15743 10369 15436 
1554 14759 15287 15004 14376 
1555 15096 10772 15551 14375 
1556 14870 15287 14374 15720 
1557 14375 14374 14640 10854 
1558 15788 15549 15548 14374 
1559 14707 12656 14374 13563 
1560 15385 14375 15810 13755 
1561 15534 15781 14483 10596 
1562 15786 13996 13437 10594 
1563 15771 15761 14978 13957 
1564 13997 15287 14375 14374 
1565 14155 14870 14375 14374 
1566 15512 14761 14759 14376 
1567 14155 14870 14375 14376 
1568 10804 14889 14891 14373 
1569 15790 14870 14376 14374 
1570 15191 15459 14376 14374 
1571 14568 15755 14459 12126 
1572 15564 15575 14376 14374 
1573 15096 14761 14870 15287 
1574 15769 14238 14375 15820 
1575 14614 15385 14375 13755 
1576 15570 15621 14375 13340 
1577 15758 14759 15004 14376 
1578 15782 15287 14376 14740 
1579 15328 15425 14605 15040 
1580 14870 15152 14642 13297 
1581 15762 15570 15621 15534 
1582 15576 15570 15621 15788 
1583 15758 14642 13345 13344 
1584 15512 15287 14758 15749 
1585 14926 15721 15719 14758 
1586 14978 15159 14761 14870 
1587 15796 15190 15004 14625 
1588 15578 15575 15152 15779 
1589 15385 15511 10316 15748 
1590 15761 15277 13955 10373 
1591 10772 15385 13561 15128 
1592 15578 15570 10288 15551 
1593 15763 15427 15786 15628 
1594 15788 14439 14483 15748 
1595 13960 15747 14454 14439 
1596 14432 15534 15791 15790 
1597 15277 15100 15778 15534 
1598 10804 15788 13075 13297 
1599 15579 13957 15792 14454 
1600 15621 14677 15322 10595 
1601 14978 14238 15322 14603 
1602 15764 15163 15322 15611 
1603 15608 15208 15755 14459 
1604 15628 15608 14893 10801 
1605 15190 15628 15436 15401 
1606 15628 14483 14692 10484 
1607 15767 15770 14707 15628 
1608 15427 15628 10589 15262 
1609 15796 15578 15621 15799 
1610 15770 15799 15280 15119 
1611 15774 13859 14740 13561 
1612 15796 15771 15762 15534 
1613 15790 13960 15280 15793 
1614 14432 14772 14677 15534 
1615 15534 15753 15511 10594 
1616 10290 15262 15801 13297 
1617 10531 14238 10289 10290 
1618 14430 10311 14923 15792 
1619 15761 15575 15759 10772 
1620 10772 15747 14021 15748 
1621 15196 13340 12893 15118 
1622 10772 13437 12964 15142 
1623 15762 15761 15268 15747 
1624 14430 15436 15791 15820 
1625 15621 14992 15801 10032 
1626 14568 14992 15782 12496 
1627 14992 15790 15782 15792 
1628 15190 15511 15262 13755 
1629 15163 12301 15611 15812 
1630 15766 15575 10312 10313 
1631 14587 14274 15144 15140 
1632 15796 15575 10313 12361 
1633 15277 15096 15512 15237 
1634 15119 15122 10316 15237 
1635 10396 15040 14021 15808 
1636 15040 12495 15262 15561 
1637 15564 14238 15511 12964 
1638 14772 12524 14625 10854 
1639 15511 12524 14743 15563 
1640 15328 15100 10369 15792 
1641 15277 15436 13960 13755 
1642 15791 14576 10484 12054 
1643 13960 15561 13299 13755 
1644 15564 13955 15208 10589 
1645 13955 14274 10479 15135 
1646 15564 15196 15563 15194 
1647 15791 14459 14021 10482 
1648 15790 15792 15747 14626 
1649 15436 13960 10374 15820 
1650 14408 15755 14459 12893 
1651 15197 14576 14274 14068 
1652 10804 14432 14232 14890 
1653 14432 12909 13297 13755 
1654 15621 15119 10588 15748 
1655 14587 10588 15194 15128 
1656 15766 15621 14978 15122 
1657 10532 15790 15280 15820 
1658 15575 15277 15425 14978 
1659 15585 14978 15280 15792 
1660 10533 15753 15791 15563 
1661 10533 15753 15791 15563 
1662 15192 13340 12021 15126 
1663 15764 15570 15621 15791 
1664 15767 15796 15764 15621 
1665 15195 10596 15194 10853 
1666 15576 14454 12126 12496 
1667 10396 15201 15721 15820 
1668 13705 14772 14793 15448 
1669 15796 15770 15190 10374 
1670 15769 10391 12301 15812 
1671 10391 12301 14492 10801 
1672 15781 14692 10484 14021 
1673 10391 15199 15600 10483 
1674 10391 15199 15812 15749 
1675 10804 14772 10391 15199 
1676 12301 14692 10484 10497 
1677 15769 15096 12301 15812 
1678 15778 15190 15393 15820 
1679 15190 15261 15262 13299 
1680 15759 15760 15191 14587 
1681 10531 13437 10595 15140 
1682 15198 15195 15159 15194 
1683 15761 15564 15196 15194 
1684 15195 15196 10589 10482 
1685 10532 15196 10477 15126 
1686 12050 12051 15456 15138 
1687 15198 15201 14483 14021 
1688 10484 14587 10588 10483 
1689 15427 14587 10461 13107 
1690 10804 14606 14274 15813 
1691 10804 14033 14772 14459 
1692 15328 15512 15781 14021 
1693 15770 15764 15621 14021 
1694 15781 15159 14439 14021 
1695 15766 15570 15585 14979 
1696 14483 15563 10588 15142 
1697 15096 14614 14238 10477 
1698 15564 15100 14603 15749 
1699 14677 14505 15448 15460 
1700 15761 15813 14893 12495 
1701 15762 15578 15585 15621 
1702 15762 15761 15127 15138 
1703 15771 15578 15575 15760 
1704 15767 15761 15575 15759 
1705 15796 15761 15575 15759 
1706 15767 15764 14432 15585 
1707 15769 15760 14622 15813 
1708 10804 14432 15813 10801 
1709 10804 15775 14620 14622 
1710 10804 14622 14640 10801 
1711 12822 14432 14979 14772 
1712 14620 14893 14640 10801 
1713 14232 15774 14890 14620 
1714 14625 14060 14740 13561 
1715 13563 13859 14060 13561 
