1 15574 15533 14779 10016 
2 14977 15379 10016 14363 
3 14373 14036 13761 15139 
4 15628 15629 15574 15254 
5 15602 15201 12301 10016 
6 14979 15533 13761 15555 
7 13862 10016 13761 15555 
8 13077 10016 13761 13343 
9 15559 15558 10016 15555 
10 14207 15595 15304 10606 
11 15304 13761 14718 15555 
12 14234 14605 14677 10016 
13 10050 14444 15556 13761 
14 15556 10016 15254 14999 
15 15592 15584 15582 13761 
16 14467 10016 13761 15555 
17 14355 15540 15537 13761 
18 15589 15584 15570 15575 
19 15539 13862 10016 13299 
20 12524 15385 13862 10016 
21 15556 14362 10016 15555 
22 10016 15622 15555 14363 
23 14238 15016 10016 15555 
24 15163 15229 13862 10016 
25 14432 10804 14524 10016 
26 15385 10596 10016 13437 
27 15556 10016 15254 15555 
28 14432 14679 10595 15469 
29 14603 12408 10016 15555 
30 15214 15215 15533 10016 
31 14432 12822 10052 12408 
32 13563 13859 15634 15111 
33 15517 15536 15559 14736 
34 12408 13584 13583 15636 
35 15586 15570 15576 15578 
36 10532 12408 15256 14860 
37 15262 15261 15006 10032 
38 14703 14845 15005 15514 
39 14278 14207 15168 15595 
40 13578 14576 14740 14362 
41 14375 14374 14557 13537 
42 10197 14614 15537 10483 
43 14374 14557 15613 15256 
44 15628 15322 15556 14999 
45 14982 14375 14155 14379 
46 15540 15556 14524 13862 
47 10042 14140 14362 12408 
48 14614 15521 14043 15256 
49 15198 12054 10578 10483 
50 15556 14362 13537 15555 
51 10532 15427 10232 10595 
52 13322 14982 10257 13344 
53 10533 14280 10596 12408 
54 15322 10042 15378 12408 
55 14791 15403 14036 12408 
56 10533 14992 14374 12408 
57 15214 15427 14036 15513 
58 14614 14036 14860 14363 
59 14189 14362 12408 10161 
60 15571 14557 12408 14860 
61 10197 15385 13340 12893 
62 10194 15425 13997 14926 
63 14482 15269 12030 14138 
64 14615 10042 14791 15403 
65 14982 15567 14940 12408 
66 10588 12909 12408 10009 
67 15469 13297 14036 12408 
68 13563 14036 12408 13537 
69 14278 15197 14036 14363 
70 15166 15595 15005 13755 
71 13322 12126 12408 14363 
72 15583 14557 14603 10606 
73 15322 10588 12408 13755 
74 15632 15040 10316 10483 
75 15163 15166 15563 15611 
76 14865 13277 15192 15005 
77 15560 14392 14036 14363 
78 13424 13996 15322 15268 
79 15191 15269 14036 15145 
80 14743 12524 15523 15630 
81 10197 15623 15229 13537 
82 15526 15524 14362 15470 
83 15523 15193 12408 15133 
84 10289 10288 10290 13548 
85 10533 13075 15229 12408 
86 10533 10102 12408 10578 
87 15425 15623 15563 13955 
88 14356 14355 14188 15511 
89 10532 14642 13297 13774 
90 14642 15576 14791 10313 
91 10197 15521 14043 10008 
92 10373 15425 10232 13755 
93 15526 15420 12828 15140 
94 10532 15567 15533 10594 
95 10588 12909 15195 15196 
96 10194 15551 12408 13548 
97 10533 14373 10606 13774 
98 15532 15563 15569 15140 
99 14743 12524 15551 15533 
100 15551 15511 13437 15470 
101 10288 15197 15600 15110 
102 10585 10008 12408 10158 
103 15456 12126 14375 15268 
104 10047 12408 12361 15135 
105 10531 13548 15140 15142 
106 15566 15567 13483 12408 
107 15564 15563 12964 10594 
108 10195 13996 10477 12871 
109 15214 14791 14262 15403 
110 10594 10595 15195 15196 
111 15235 14022 10257 15630 
112 14523 15569 13548 15110 
113 15632 10042 15122 12408 
114 10312 10313 15568 15125 
115 15598 15632 14992 10042 
116 15632 10532 10585 12408 
117 14021 12408 15140 15115 
118 15331 10197 14779 15419 
119 15191 15541 12408 15144 
120 15193 15191 10102 15128 
121 10531 15566 14576 15569 
122 15191 15192 12361 15147 
123 15522 14021 15570 15576 
124 15163 15611 12408 15381 
125 15563 14362 15568 12408 
126 14365 10312 10313 15135 
127 14188 15566 14262 15138 
128 10312 13537 15470 15195 
129 14982 14282 15578 15470 
130 15551 14373 10312 10313 
131 14355 12053 15195 15115 
132 14587 14791 10312 13537 
133 14022 14557 14971 13537 
134 15166 14140 10113 12246 
135 15619 15629 10531 13537 
136 15574 15006 14779 14860 
137 12822 14679 14189 13537 
138 10606 10166 10167 10168 
139 15625 14274 14362 13537 
140 15235 14884 10316 15513 
141 13322 12822 13537 13299 
142 14037 15262 13297 13537 
143 14362 14036 13537 13089 
144 14603 14884 13955 15622 
145 15322 14987 10047 13537 
146 12256 10008 13537 13299 
147 14362 13537 14860 14363 
148 14977 15198 15600 15229 
149 13075 14362 11890 10104 
150 10533 15543 13297 13537 
151 14612 14482 14867 11890 
152 15583 15262 13537 13344 
153 15580 15582 15576 15563 
154 15572 10316 15237 13537 
155 15215 15322 14362 13537 
156 14982 15532 14139 10104 
157 15214 13996 10606 13537 
158 14392 13344 13345 11890 
159 10102 15254 15635 15133 
160 13424 10772 15560 14262 
161 14188 14557 13297 15137 
162 13322 14677 15381 15146 
163 10588 13537 15195 15196 
164 15551 14642 13537 15382 
165 14373 10042 14362 15125 
166 13537 15381 15147 15146 
167 15560 10606 10008 13537 
168 10197 13537 15470 15145 
169 14022 15191 15533 12050 
170 15556 15559 15256 13761 
171 14037 15556 15618 15555 
172 14037 15558 14860 15254 
173 15597 14278 15511 13761 
174 14362 13761 15555 14999 
175 15608 15609 14362 13761 
176 15626 14189 13862 13761 
177 15621 15582 15469 13761 
178 15626 15545 15307 14736 
179 14206 14205 14207 13299 
180 14436 14677 15536 15166 
181 15519 10311 15540 15539 
182 10288 10290 15572 14373 
183 15628 15155 14140 15546 
184 14482 15540 15537 13299 
185 14232 10804 14614 15192 
186 14355 13996 13997 14362 
187 13322 15545 15307 12030 
188 14987 14446 14444 10167 
189 14467 15626 14373 15539 
190 12256 15537 15546 13299 
191 12256 12964 13437 10104 
192 15534 14465 13862 12030 
193 10772 14642 15278 14999 
194 10533 10373 10052 13862 
195 14677 15538 10103 13862 
196 14467 15560 15559 13862 
197 14432 13277 15565 13862 
198 15580 14392 13344 13345 
199 14612 13862 15622 10159 
200 14189 15016 10104 10161 
201 15163 10103 15611 10159 
202 10533 10194 14565 14022 
203 10588 13862 13299 10160 
204 15194 13340 12893 10161 
205 14189 10008 13862 15635 
206 14992 15611 15381 15118 
207 14282 13862 13755 15382 
208 14612 15425 15197 15126 
209 15588 15589 14977 14068 
210 14280 14759 14758 14036 
211 15588 15540 15580 15554 
212 14614 14379 15153 15533 
213 14439 15154 14557 14036 
214 15597 14982 10772 14036 
215 15621 15540 12301 14207 
216 14759 14262 14940 13755 
217 14037 14991 15618 14036 
218 15559 15558 14036 15555 
219 15589 15580 15228 14036 
220 10532 15519 14036 10168 
221 15631 15278 10596 13437 
222 14982 15292 15322 14036 
223 13340 12021 14036 14363 
224 10289 10288 10202 14860 
225 15565 13955 14036 14139 
226 15214 10532 14262 14036 
227 15235 15522 15523 12360 
228 14374 14392 13345 14478 
229 13322 14679 12909 14860 
230 14274 12964 15006 14779 
231 15292 15322 10589 14779 
232 14614 14238 15532 14036 
233 15584 15585 15580 14886 
234 15512 14615 14036 15254 
235 15454 15322 14392 13345 
236 15600 14036 15622 10579 
237 10533 10531 10103 12030 
238 15537 15539 14791 14139 
239 15632 14578 15005 15558 
240 10194 14036 13299 13755 
241 15454 12964 15006 14036 
242 14977 15469 15513 15254 
243 15565 15563 13340 12021 
244 10042 14578 10594 15127 
245 14036 10158 12052 15140 
246 15567 12964 15005 15135 
247 14188 14036 13755 12361 
248 14642 13955 14036 14363 
249 15566 14036 10578 15142 
250 14845 14993 15556 14262 
251 15587 14865 14037 14262 
252 14867 14870 14375 14253 
253 15632 15193 14576 15269 
254 13322 14982 15425 13774 
255 13424 15517 15558 13755 
256 14362 15555 14999 15636 
257 15587 15592 15570 15579 
258 14703 14845 14930 15308 
259 14565 14930 14588 14155 
260 15520 15572 10042 14362 
261 14274 10477 10478 15393 
262 14282 12964 14362 14860 
263 10477 10478 14362 14363 
264 15579 14444 15306 14140 
265 14365 15456 15600 14170 
266 15403 15111 10578 15113 
267 15228 14362 15118 15115 
268 14022 14375 14362 13774 
269 15632 14362 13548 15127 
270 15427 15524 15292 15569 
271 15523 14374 12359 14362 
272 15154 15566 14170 15470 
273 10532 14362 14138 15128 
274 15387 14759 14060 13561 
275 14605 15512 15578 14363 
276 15591 15585 15578 14363 
277 14482 15533 10113 12246 
278 15526 15261 10032 14363 
279 14037 15262 15261 13297 
280 15215 14703 14860 14363 
281 15534 15571 10606 13548 
282 15598 14365 14679 15536 
283 14615 14614 15574 14363 
284 14022 15580 15578 14363 
285 15214 15199 14373 14363 
286 14679 14037 15612 14363 
287 15537 15560 14262 14363 
288 14355 10197 14274 14363 
289 15632 14867 10585 14363 
290 15623 15197 15600 13483 
291 10194 13483 13075 15569 
292 10532 15425 13297 14363 
293 10008 13955 14363 15635 
294 10589 14363 10159 15145 
295 15565 15563 15568 15145 
296 14979 14758 14880 15153 
297 14207 15166 15543 14860 
298 15519 15513 13299 14860 
299 15122 14485 15228 14860 
300 15601 14736 15256 14860 
301 15631 14867 14590 14860 
302 15584 15580 15579 14860 
303 15586 15582 15578 14860 
304 10373 10804 14280 14860 
305 10373 10195 13297 14860 
306 15579 14392 13344 13345 
307 10531 14867 15192 11890 
308 14703 14615 13340 12893 
309 10257 10686 14081 14860 
310 15193 14860 15147 15146 
311 15567 10595 14860 14253 
312 13322 14234 15534 14999 
313 15534 14565 13997 14999 
314 15168 15595 15015 14999 
315 15628 15629 15292 14392 
316 15600 14205 15015 14999 
317 15534 14979 15055 14999 
318 15425 12909 13755 14999 
319 14977 13638 15513 15139 
320 14615 14845 15574 15254 
321 15560 14987 14262 15308 
322 15584 10202 14274 14969 
323 15512 15612 12828 15515 
324 14280 14037 15582 15254 
325 14615 15578 15554 15515 
326 14615 14285 14045 15254 
327 15587 15583 15580 15579 
328 15538 14140 10113 12246 
329 15583 15584 14188 15254 
330 14977 15308 15307 15309 
331 15557 14886 15254 15636 
332 15214 15454 15580 15578 
333 15543 15612 14779 15568 
334 15587 14188 15565 13075 
335 15621 15574 15543 15468 
336 15193 15005 14262 15254 
337 14679 13563 15111 13437 
338 15163 14880 15254 10160 
339 15193 10158 10159 15146 
340 12021 15254 10104 15133 
341 10533 15228 10595 15113 
342 14870 14880 10690 15554 
343 14614 10049 15378 15469 
344 15262 15261 15561 15513 
345 15572 14557 15278 14584 
346 15262 15634 15622 13755 
347 15556 14262 15006 15622 
348 15572 14374 15556 13087 
349 15511 15556 13755 15382 
350 14037 10396 12301 10397 
351 15520 14791 15403 12246 
352 14845 14021 15155 14140 
353 14679 15449 14779 14170 
354 15512 14703 10232 10032 
355 15602 15201 14791 15403 
356 13322 10804 14677 10104 
357 15564 14791 15256 15557 
358 15623 15566 15564 15511 
359 15214 10042 14791 10166 
360 14867 15575 15564 15563 
361 14205 14203 15579 15578 
362 14993 14791 15403 14170 
363 10050 14791 15403 10051 
364 10257 10686 12051 12050 
365 14987 15559 10578 10160 
366 15526 15563 15511 14791 
367 15570 15532 15403 10316 
368 14791 15403 14170 15126 
369 15055 13483 14791 15403 
370 15579 14576 14170 15470 
371 10194 14274 15511 14791 
372 15551 13483 15563 15196 
373 10197 13977 15298 15191 
374 14022 15533 14791 15138 
375 15521 15571 14043 15403 
376 15521 15194 14791 15403 
377 14791 15403 14170 15470 
378 10195 14791 13297 15196 
379 15517 14274 14806 14736 
380 15612 15278 14779 15513 
381 15584 15055 15508 14170 
382 10477 10478 15308 10168 
383 15631 14356 14612 14806 
384 14612 14238 14603 14806 
385 15214 14365 14274 15624 
386 15584 15579 14806 14779 
387 14615 10047 14170 14478 
388 15573 15570 14806 14170 
389 15621 14274 15579 14806 
390 15583 14557 15567 14576 
391 14806 12496 13297 14253 
392 14189 15194 14806 15196 
393 15403 14740 10113 12246 
394 15575 15567 15576 15403 
395 15587 15584 15570 15403 
396 15623 15403 15307 11890 
397 10047 10588 14523 15110 
398 15154 15551 15403 14170 
399 10197 13483 15403 15147 
400 15517 15579 15508 15541 
401 10484 14692 15509 15508 
402 15448 14605 15509 10606 
403 14357 14870 15554 15508 
404 14436 15517 13484 15508 
405 14615 15508 15278 15515 
406 15628 14614 15427 15515 
407 14992 15163 13344 13345 
408 14845 15570 15579 14779 
409 15628 15322 15509 14987 
410 15629 15608 15509 14971 
411 15631 15055 15579 15509 
412 12074 15579 15509 15515 
413 10083 15509 14971 15636 
414 15585 15055 10686 15509 
415 15601 15398 10042 15617 
416 15592 15055 15509 14170 
417 15215 10042 14740 15111 
418 15512 14703 14615 15572 
419 15519 10042 15155 10167 
420 10042 10049 15419 10051 
421 15215 15567 14392 13345 
422 14465 10042 15122 10606 
423 10532 10531 10166 10167 
424 14282 12964 10594 10595 
425 10288 10290 15567 13483 
426 14614 14612 15600 14603 
427 12642 15567 15565 10042 
428 14992 13344 13345 15630 
429 10195 10772 15322 10042 
430 14188 13297 15569 15133 
431 15532 10042 13371 14253 
432 10042 15617 14940 10009 
433 15268 15568 15470 15137 
434 15565 14576 15118 15144 
435 15192 10585 15110 15135 
436 10289 10533 10288 14576 
437 15154 15580 10578 15126 
438 15566 10042 15122 15137 
439 10197 10042 14969 15137 
440 15533 15532 15196 15147 
441 10194 15194 13483 10042 
442 15563 13371 14253 15118 
443 15385 13997 15566 10042 
444 15521 10578 15147 15145 
445 15197 14709 15125 15126 
446 15552 14374 14557 13371 
447 15572 15278 15265 13755 
448 14615 14979 14022 10052 
449 15154 15199 10166 10167 
450 15512 15617 14940 14971 
451 14357 15154 14189 15564 
452 15631 15006 13087 14478 
453 10194 10047 10589 10160 
454 14377 15284 10690 15541 
455 15297 10232 15398 12359 
456 15597 14982 10532 14037 
457 15565 15040 12495 13297 
458 10531 10047 10049 15419 
459 13322 14022 15154 14373 
460 14743 12524 15148 15133 
461 12021 12893 15381 15145 
462 10533 14703 15533 15125 
463 10531 15122 10606 15135 
464 15194 15166 15196 15148 
465 10195 10197 15191 15146 
466 14021 10047 14523 15419 
467 14615 14565 15387 15554 
468 15598 15543 10049 12828 
469 15621 15576 15578 10049 
470 14969 14277 13371 14253 
471 15199 15617 14940 10051 
472 14280 10049 13955 10051 
473 14865 15536 14642 15558 
474 14703 15573 14280 10051 
475 10289 10288 10194 15163 
476 15385 15154 14557 14642 
477 15598 15425 15564 13089 
478 10532 15322 10050 15128 
479 15512 15379 10596 12828 
480 10533 10052 10050 10049 
481 10533 10531 15382 15381 
482 14043 14603 13371 14253 
483 15296 10396 12301 10397 
484 15512 14703 15194 10052 
485 15425 14479 14138 10051 
486 15427 10052 10104 10051 
487 10477 10478 12964 15135 
488 15215 15166 15545 10052 
489 15297 14971 14277 10084 
490 15551 14379 15278 14277 
491 10083 14940 13088 10166 
492 10083 14969 14971 15463 
493 15597 15536 15006 15108 
494 10083 14940 13088 13087 
495 15520 10083 15545 14991 
496 10289 10083 14969 14971 
497 15512 14845 15379 10084 
498 15109 13090 12828 14524 
499 14207 15304 12495 12828 
500 14436 14662 15517 12828 
501 14993 14446 14444 14140 
502 14865 15532 15611 15195 
503 10158 15195 15138 15147 
504 14743 14482 12359 15127 
505 15629 15575 10103 13090 
506 15572 15292 15378 15379 
507 14992 15425 15612 13955 
508 13977 15298 14603 14576 
509 15621 15580 13340 12021 
510 14709 10103 12030 14138 
511 15040 13087 14479 10483 
512 13997 15532 13548 15135 
513 13996 15511 14262 13774 
514 15521 14373 13371 14478 
515 10312 10313 15196 15138 
516 13087 10589 10009 15142 
517 13705 15215 15378 13088 
518 15619 15609 13090 13088 
519 15598 12893 13090 13088 
520 14375 14374 14379 14479 
521 15297 15536 15199 12021 
522 10686 15322 13090 13089 
523 15040 15463 10483 13089 
524 15385 10102 10595 13089 
525 15617 14940 14971 14277 
526 14278 15511 15617 14277 
527 13340 12893 14277 15568 
528 14465 14467 14867 13548 
529 15600 15382 12052 15128 
530 15195 15382 15127 15140 
531 15563 14926 14478 15118 
532 10484 14692 10588 14479 
533 14188 14439 14524 14523 
534 15583 15573 15522 15514 
535 15628 15524 15545 14523 
536 14612 12021 12893 14524 
537 14977 14614 14709 15514 
538 10316 14523 13583 15636 
539 12964 10595 10091 10160 
540 14022 15197 14523 15144 
541 10313 15196 15125 15115 
542 15551 15191 15533 15110 
543 14867 13977 15298 15381 
544 10532 15228 15229 15137 
545 10373 15563 15393 15118 
546 13322 14432 10159 15128 
547 14642 14576 10589 10159 
548 10197 14703 15191 13483 
549 15534 15632 14274 15113 
550 15198 15601 12301 10397 
551 14432 14679 15449 14524 
552 14432 14274 15307 14524 
553 13322 15621 15215 15511 
554 14482 15552 14940 14971 
555 14603 14940 10578 15622 
556 15297 15198 15602 14940 
557 15522 15523 15617 14940 
558 14743 12524 15526 14940 
559 10373 14576 13075 14940 
560 10772 15563 14940 14926 
561 10531 14274 14140 15307 
562 15587 15592 15591 15579 
563 15163 14280 10257 15611 
564 15322 15545 14969 15313 
565 15292 15566 15569 15110 
566 14373 14969 15195 15196 
567 14355 15192 15040 14969 
568 14865 12126 15040 14971 
569 10373 15589 15575 14971 
570 14155 14377 15613 14971 
571 14865 14037 15617 14971 
572 14642 13997 15575 15541 
573 15534 14375 14374 14557 
574 15533 15122 10102 10595 
575 15596 15154 15166 15229 
576 15628 10194 15609 15262 
577 14703 15261 14578 10032 
578 15632 14867 15378 14926 
579 14189 15511 15419 15382 
580 15194 10479 13371 15146 
581 10195 15192 15379 15127 
582 15632 10194 15378 15268 
583 15385 10257 10686 10102 
584 15197 15378 10479 15147 
585 15005 15436 15379 13299 
586 10373 14482 15596 15398 
587 15331 10396 15379 15420 
588 14679 14892 14677 15582 
589 13322 14677 10202 15543 
590 15331 15468 10166 10167 
591 15633 12301 14584 15419 
592 15192 15560 15419 15382 
593 10289 10288 10290 14282 
594 10232 14138 14139 13345 
595 15582 15541 15558 15256 
596 15591 15582 15468 15636 
597 15322 14140 15618 15468 
598 14282 14930 12053 12030 
599 15155 14140 15546 15313 
600 14467 14867 15456 15468 
601 14432 15534 15537 15468 
602 14612 15040 15618 15468 
603 14557 15511 15543 15469 
604 15534 15526 15617 14779 
605 15576 15168 15304 15532 
606 15574 15278 15617 14926 
607 15584 15570 10312 10313 
608 14614 15617 13344 13345 
609 14865 14374 15618 15513 
610 14677 14867 10168 10009 
611 14432 12822 12256 10009 
612 10102 10008 10091 11890 
613 10531 13424 12126 15268 
614 10102 10595 14138 14139 
615 14238 15193 10091 14736 
616 14043 10606 10008 15138 
617 14188 15154 15146 15115 
618 10009 10159 15148 15125 
619 14642 10478 10313 10008 
620 10594 10595 10008 14139 
621 15537 15565 14576 10008 
622 15533 15195 15196 12361 
623 15626 12126 14373 12361 
624 15193 15192 10008 15147 
625 14238 13774 15147 15146 
626 10194 15427 15516 15126 
627 15551 15192 10008 15125 
628 15214 15215 10009 15135 
629 14274 15537 14576 10008 
630 10102 10588 12909 15146 
631 15191 10008 15127 15148 
632 14642 15191 15192 10008 
633 10533 15521 15381 15140 
634 13424 14587 14274 15381 
635 10195 13977 15298 10009 
636 13483 10588 10091 15127 
637 14612 14238 15381 15128 
638 15573 14045 10168 10009 
639 14282 14867 15456 12126 
640 14677 15191 14578 10091 
641 12256 15193 15191 12030 
642 14743 15526 15523 15552 
643 10194 14576 12496 13955 
644 10533 10532 10531 11890 
645 14482 10103 12030 14926 
646 14282 15540 10480 12050 
647 10195 14703 14238 10091 
648 14977 15551 14373 15115 
649 15214 14482 10009 15148 
650 15567 15576 10589 10009 
651 10533 14238 10606 10313 
652 15194 12964 10009 15196 
653 15551 14373 10009 15196 
654 10533 10197 14373 15563 
655 10533 10531 10009 15146 
656 10594 14139 13437 15115 
657 15566 10477 15122 15470 
658 15521 14043 15194 14138 
659 13075 12909 10009 15196 
660 15194 13483 15563 15142 
661 15570 15567 15382 15118 
662 15292 10102 15195 15147 
663 10257 15192 15229 10009 
664 15154 15551 14642 15146 
665 10289 10290 15560 15113 
666 14576 15122 15125 15126 
667 10533 10312 10313 14170 
668 14357 15537 15155 15546 
669 15193 10102 14926 10161 
670 15512 15551 14373 10167 
671 10232 15122 10103 14170 
672 15427 10595 12496 10158 
673 12256 10588 12496 12030 
674 12256 10091 12909 11890 
675 15040 10091 12030 14139 
676 13322 14355 14677 13340 
677 14355 15632 13277 10103 
678 15512 14465 14467 12909 
679 14677 15621 15322 10585 
680 15425 15526 10102 10103 
681 15534 15521 15199 14642 
682 15571 10686 13548 12361 
683 15198 15199 10091 13344 
684 10477 10478 12964 10596 
685 15526 15563 14140 10091 
686 14021 14022 15154 12871 
687 15521 14021 10232 15197 
688 14743 15191 10102 10091 
689 15154 10091 13437 15148 
690 14203 10091 14204 15133 
691 15526 14779 13437 15148 
692 10373 10091 15148 15133 
693 14612 15513 15148 15636 
694 15526 15552 10091 10104 
695 10533 10531 10103 15148 
696 15521 14155 15578 15560 
697 10102 13075 12909 15115 
698 14282 12256 15195 12361 
699 10772 10585 10091 15147 
700 15521 15526 14138 15470 
701 10533 10102 13755 15125 
702 15597 14037 12909 14138 
703 15192 15564 15155 13955 
704 15523 12359 12361 15381 
705 14590 15580 15118 15145 
706 10533 10102 10588 15148 
707 14612 15194 15195 15381 
708 12495 13561 12496 15138 
709 14021 10397 10484 14692 
710 14982 15588 15284 14138 
711 12822 14482 15040 10103 
712 14285 14045 14979 15398 
713 10532 10531 11890 10104 
714 10289 10288 10290 10690 
715 14743 12524 12256 15425 
716 15537 10103 12030 13344 
717 14432 15526 12030 14138 
718 14392 12030 13345 10104 
719 15154 14189 14642 14139 
720 14679 15621 14977 15558 
721 15199 15601 10166 10167 
722 15521 14043 15322 14138 
723 10477 10478 13371 14253 
724 15306 10103 10606 15313 
725 15526 14238 10103 12360 
726 10594 15513 11890 10104 
727 15385 14870 14374 13345 
728 15551 10589 13955 10104 
729 14432 14365 15385 15268 
730 15512 13340 11890 10104 
731 14845 14587 14189 10103 
732 15534 15574 15197 14603 
733 15521 14043 12126 14139 
734 15194 10103 15470 15135 
735 14238 15533 14444 12246 
736 15598 10532 13977 13578 
737 15215 14467 15511 10316 
738 14977 14022 10596 10104 
739 15580 15470 13774 15138 
740 10194 10195 15623 14138 
741 14188 15292 15567 10104 
742 10594 14138 10104 15118 
743 15521 14043 15526 12361 
744 14446 14444 10113 12246 
745 15520 14482 14373 15284 
746 14374 15613 15278 12246 
747 14482 15546 10113 12246 
748 15520 15540 14140 10113 
749 15309 10113 15514 12246 
750 15626 14988 14140 15309 
751 15540 15545 14140 10113 
752 13322 14890 14467 15155 
753 13322 14432 10113 12246 
754 14614 15546 10113 12246 
755 15626 15538 15560 15309 
756 15520 14189 14373 14642 
757 14482 15307 10113 12246 
758 12074 15040 12909 15514 
759 14262 10113 15513 15514 
760 14140 15546 10589 10113 
761 14845 14482 10166 10167 
762 14703 15552 12246 10167 
763 15214 15306 14060 10113 
764 15155 14444 10166 10167 
765 14189 15166 10113 12246 
766 15520 15560 15005 15308 
767 15519 15546 15313 12246 
768 14743 15522 15523 11890 
769 12822 14282 14189 14446 
770 14892 14891 14890 15539 
771 15256 12030 14138 15636 
772 14432 10804 15510 14139 
773 15214 14188 15198 12893 
774 10288 10290 14138 14139 
775 12642 15425 14238 14706 
776 14432 13977 15298 14262 
777 14357 15322 12496 15635 
778 14867 15568 13371 14253 
779 10686 14642 15569 13548 
780 15193 15382 15148 15135 
781 12642 14465 14467 14139 
782 15600 14139 10483 15636 
783 15584 14465 14482 14139 
784 10316 15237 14139 15144 
785 15155 14140 15308 15309 
786 14614 15425 14140 15546 
787 10396 10480 12051 14140 
788 15331 14140 15308 15309 
789 15551 14373 13997 14140 
790 15519 15155 14140 15546 
791 14987 14446 14444 15309 
792 14436 14373 15537 14140 
793 15198 15532 15546 15307 
794 15598 15629 14444 14140 
795 15629 15608 15192 14140 
796 15519 15626 14444 15307 
797 14432 14238 14140 11890 
798 15297 14987 15155 14140 
799 14274 10477 12871 14140 
800 15522 14140 15308 15309 
801 15456 14987 14140 15308 
802 14465 15191 15256 14886 
803 14465 14467 15427 15516 
804 15331 14979 14140 15546 
805 15545 10585 14140 15313 
806 14188 14189 14140 13437 
807 14436 14605 14979 15540 
808 14446 15612 14444 10166 
809 14444 15306 13955 15622 
810 12822 14446 14444 15309 
811 14845 14444 15308 15309 
812 10531 15612 10166 10167 
813 15619 15608 15609 15347 
814 10202 13277 15015 14987 
815 15597 14987 14988 15513 
816 15629 15608 15609 14987 
817 14238 15154 14987 15307 
818 15292 15322 14987 14988 
819 15193 14642 14987 12909 
820 10289 10288 15545 14988 
821 10533 14081 14991 15306 
822 14470 14045 15538 14991 
823 14432 12822 15519 15166 
824 14285 15576 15513 10168 
825 15520 15545 15155 12495 
826 15155 15622 10166 10167 
827 15526 10166 10167 12360 
828 14282 12256 15155 15546 
829 15006 15228 15229 10032 
830 14870 15511 15436 15278 
831 10531 13107 15228 15237 
832 15261 15228 13297 13755 
833 14612 15595 15229 13344 
834 15591 14278 14736 15256 
835 15214 14356 15006 15228 
836 15197 14207 15557 10158 
837 15526 14565 15554 13561 
838 15586 15589 15576 15578 
839 15587 15589 14557 15582 
840 13322 14993 15543 15612 
841 10373 14565 15387 14870 
842 14436 14278 14865 14037 
843 14485 15228 14392 13345 
844 14992 15576 15612 15611 
845 15587 15586 15591 15621 
846 15584 15526 14557 14262 
847 14982 14759 14758 14557 
848 15387 14880 15511 15513 
849 14565 14759 10316 15237 
850 15632 15633 13484 13277 
851 15534 15574 14274 15278 
852 14889 14436 15304 15543 
853 15602 15601 10396 12301 
854 14703 14758 14375 14377 
855 14614 14565 15387 15511 
856 15582 14262 15228 10589 
857 14615 14845 15055 15514 
858 15597 15596 15304 15015 
859 14982 10373 15570 15543 
860 15584 14880 15541 13299 
861 15427 15055 14374 10690 
862 15588 15589 14615 14614 
863 15596 15304 15228 15541 
864 15624 15015 15040 13437 
865 15005 13859 14740 10032 
866 15573 15425 14578 13548 
867 14278 14207 15168 15304 
868 10195 15623 15558 14886 
869 15564 15563 14392 13344 
870 15331 14021 15228 13755 
871 15573 15571 15278 15229 
872 14992 15193 14081 15228 
873 10289 10290 10257 14557 
874 14280 14188 14578 15229 
875 10232 14375 14374 13345 
876 14432 14677 14977 15229 
877 14614 13755 13344 13345 
878 15214 15621 14392 13344 
879 14677 10232 14170 14392 
880 14614 15278 15229 13955 
881 14642 14603 12495 15541 
882 14867 15228 13297 13371 
883 15598 15537 13371 14253 
884 15512 10532 15511 15113 
885 14992 14642 15228 12496 
886 15621 14642 15284 15566 
887 10194 10197 15551 15118 
888 15623 15564 14578 13955 
889 14155 15229 13583 15636 
890 15596 15624 15601 15543 
891 14280 15456 15040 12495 
892 15597 14206 10478 15229 
893 14615 14845 14155 15582 
894 15621 15582 15634 15541 
895 14432 10804 14679 12909 
896 14679 10232 10596 13955 
897 14677 15551 15582 15543 
898 14612 15015 15040 13955 
899 10532 14977 12964 10596 
900 15511 14578 10606 15127 
901 10194 14188 10257 15568 
902 15564 10606 15229 15127 
903 10533 10531 10312 10313 
904 10195 15196 15118 15125 
905 15621 15560 15306 14262 
906 14282 15522 15040 15510 
907 15331 15197 15306 15308 
908 14373 15306 15513 15557 
909 14679 15537 15538 15306 
910 15520 15427 13638 15306 
911 10373 15306 15313 13299 
912 15626 15539 15545 15306 
913 15537 13484 14081 15306 
914 14021 15626 15537 15546 
915 15539 15545 15309 15568 
916 15456 15306 10166 10167 
917 13322 15621 15545 15307 
918 14587 14274 15545 14886 
919 13322 14612 15306 14886 
920 15519 15520 15307 14736 
921 15545 10585 15309 15313 
922 15331 14482 15307 14736 
923 14614 14188 15307 14926 
924 10289 15331 10288 15626 
925 10531 14482 15307 15309 
926 14465 14467 14867 13548 
927 14373 15538 15306 13340 
928 12822 14977 14612 14993 
929 14274 15602 15538 12301 
930 14188 14590 15308 15307 
931 13977 15298 10477 10478 
932 14435 15517 15308 15309 
933 14282 12256 15546 13299 
934 15308 15309 15313 14736 
935 14357 15122 15308 15309 
936 15193 15308 15313 10158 
937 15539 15546 15313 10166 
938 13322 14679 12964 15313 
939 14282 15425 14482 13977 
940 12642 14203 13277 14204 
941 15215 10531 15154 15382 
942 14482 15537 10477 15313 
943 15602 10397 10484 14692 
944 15534 14930 13107 13578 
945 15193 15551 15537 15382 
946 15163 14189 15545 15611 
947 13996 15539 15122 15382 
948 15534 14189 15539 15115 
949 14356 14189 15192 15381 
950 10533 10531 14992 15381 
951 15532 15195 15196 15381 
952 14238 15563 13755 15615 
953 15565 14603 12361 15113 
954 14373 10478 12871 15560 
955 15521 14043 14274 15382 
956 10533 12964 10596 15382 
957 14992 15163 15197 15611 
958 14588 14274 15193 15382 
959 10533 10194 10531 15568 
960 10479 15381 15144 15126 
961 10588 10589 13548 15115 
962 10772 14642 10606 13774 
963 14977 14278 13484 15541 
964 15585 15582 15576 15541 
965 14889 14436 14677 15541 
966 15055 15579 14170 15515 
967 15597 14206 14205 15541 
968 15586 14278 14867 15576 
969 15570 15580 15576 15532 
970 14188 14709 15543 15541 
971 15632 12642 10202 14709 
972 15575 15006 12893 13297 
973 15154 15543 15005 13075 
974 14992 14377 12495 15513 
975 15536 15322 15511 13345 
976 14992 15582 15576 15541 
977 14278 15511 15278 13755 
978 14845 15541 12361 15125 
979 14865 15558 14736 15256 
980 15575 15580 15579 15578 
981 14743 14759 14758 14155 
982 14759 14758 14880 14377 
983 14234 14435 15517 14867 
984 14679 15262 14262 10032 
985 15624 14203 15166 15192 
986 15551 15543 10606 14392 
987 10373 10594 10595 15140 
988 15598 10478 15543 10312 
989 10194 14204 15127 15138 
990 14365 13977 15298 15567 
991 15456 10232 15564 15122 
992 10289 10290 14977 10160 
993 15284 13997 15322 12496 
994 15519 13638 14373 15166 
995 10585 15196 10160 15138 
996 15197 15195 10161 15140 
997 14977 10589 10158 15148 
998 14743 12524 15194 10160 
999 15193 10588 12909 10159 
1000 15193 15322 15147 15146 
1001 10158 15195 15144 15145 
1002 15626 13578 14736 15256 
1003 15193 10480 12051 10161 
1004 10594 10595 15195 15196 
1005 10194 10195 10197 15166 
1006 10197 14576 13371 14253 
1007 15523 15194 15122 10160 
1008 14706 14603 10159 15137 
1009 10195 15197 13483 10161 
1010 15195 15196 10161 15140 
1011 15194 10312 15128 15140 
1012 10532 10161 12050 15138 
1013 15198 15601 15040 10166 
1014 15166 13077 13198 10167 
1015 14703 14465 14614 15427 
1016 13638 14736 15557 10168 
1017 14285 14612 15552 10168 
1018 14045 14482 10478 10168 
1019 14285 14045 15322 10168 
1020 14285 15519 14045 10168 
1021 14285 14845 14612 14045 
1022 10532 14285 14045 14930 
1023 15297 14045 15198 14578 
1024 15588 15551 15570 15575 
1025 15526 15568 13299 12360 
1026 10532 10531 10032 13299 
1027 14432 10804 15055 12030 
1028 15523 15552 14375 14379 
1029 15198 15601 13484 14081 
1030 14465 14467 12256 15196 
1031 15425 14482 13437 11890 
1032 10533 10531 13344 13345 
1033 14465 14467 14482 12030 
1034 12256 15560 14392 13344 
1035 10532 10531 15551 14642 
1036 14432 12822 14373 11890 
1037 10289 12256 15511 15278 
1038 10531 10480 12051 11890 
1039 10532 14642 15195 14926 
1040 14432 15536 14037 13548 
1041 13322 14432 14679 15191 
1042 15193 14758 14379 15191 
1043 14743 12524 14282 12256 
1044 15601 10396 12054 10483 
1045 12256 15539 10477 13299 
1046 15628 14043 14758 10690 
1047 14043 15560 15261 13299 
1048 15521 15296 10396 12301 
1049 14043 14870 14379 15554 
1050 15571 15574 14603 15278 
1051 14982 10373 14043 10596 
1052 15427 14603 15122 10479 
1053 14992 15163 15146 15126 
1054 10532 14043 15516 10479 
1055 14365 14285 15601 13299 
1056 14470 14045 15538 13299 
1057 15214 14505 14280 12495 
1058 15512 14703 14614 15559 
1059 14280 15526 14274 15516 
1060 15592 15584 15621 15463 
1061 15598 15584 15632 14603 
1062 15214 14278 15513 14886 
1063 15588 15621 14993 15612 
1064 14357 14278 14280 15168 
1065 14557 15511 14485 15436 
1066 15587 15586 15584 15585 
1067 14278 15387 14060 14740 
1068 15586 15585 15575 14736 
1069 15598 15584 14280 15595 
1070 15631 15574 14886 13548 
1071 15632 14867 15261 13297 
1072 14865 15536 10312 10313 
1073 14377 10690 15153 15554 
1074 15297 15621 15198 15601 
1075 14278 14021 15533 15532 
1076 10804 15574 15536 15558 
1077 15626 15166 14392 13345 
1078 15597 15214 14590 15532 
1079 14982 15385 14375 14262 
1080 15534 15621 15573 15278 
1081 15526 15522 15552 12360 
1082 14992 10232 14374 13997 
1083 15512 14703 14612 15567 
1084 10531 14278 14979 14392 
1085 15571 14993 12495 15612 
1086 14355 10257 10686 14374 
1087 15235 12642 15523 14885 
1088 10232 13997 15559 15558 
1089 15298 13277 15016 15533 
1090 14278 14238 14021 13548 
1091 15566 14576 15569 15137 
1092 14374 13996 15513 15635 
1093 15215 10532 15524 14642 
1094 15592 15575 15278 13299 
1095 14037 15575 15578 15516 
1096 14703 14977 14845 15582 
1097 15632 10257 10686 13996 
1098 14280 10257 10686 13955 
1099 14280 15623 15566 12021 
1100 15425 14238 15567 15565 
1101 14280 15575 15566 15564 
1102 15193 15623 15566 15532 
1103 14282 15198 15199 10483 
1104 13483 12909 15110 15135 
1105 14465 14467 15015 15557 
1106 14465 14482 15626 15557 
1107 14465 15580 15582 15576 
1108 15331 14467 14614 15201 
1109 14982 14465 14467 10480 
1110 13578 12051 15122 14926 
1111 13322 14505 14605 15166 
1112 14432 15519 15626 15540 
1113 15520 13484 14205 13299 
1114 15520 15575 15566 15567 
1115 15583 15584 15521 15582 
1116 10202 14867 13371 14253 
1117 15591 15583 15005 14253 
1118 13322 15569 13371 14253 
1119 15598 14238 13371 14253 
1120 10194 15163 15579 15611 
1121 10531 14189 14578 15137 
1122 15512 10194 13371 14253 
1123 15567 15565 13371 14253 
1124 15191 13371 14253 12050 
1125 14356 14238 13371 15127 
1126 12642 13277 14204 15113 
1127 15583 15571 13371 14253 
1128 15597 13977 15298 14021 
1129 15597 13977 14578 13955 
1130 14679 14677 15583 13977 
1131 15583 14867 13977 15582 
1132 14982 13977 12126 15511 
1133 12642 15197 13484 14081 
1134 10289 15005 14262 14253 
1135 14867 15601 14207 15304 
1136 14234 15517 14867 15558 
1137 14867 12987 15561 15557 
1138 14679 14867 15536 15006 
1139 15512 15201 10396 12301 
1140 15597 12642 14207 15168 
1141 14867 15624 15601 15168 
1142 10202 14867 15040 10606 
1143 15427 14867 14206 15398 
1144 15584 14238 14867 15582 
1145 15571 15191 13277 13437 
1146 14081 13277 15006 13297 
1147 15425 14867 15040 10585 
1148 15214 15621 14867 14188 
1149 15596 15624 13484 12909 
1150 15583 15584 15298 15582 
1151 15297 15298 15601 15582 
1152 15534 10373 15298 15564 
1153 10194 15195 15393 15144 
1154 15583 15585 15621 15633 
1155 15598 13638 14885 15627 
1156 14605 14979 15538 15513 
1157 15522 15201 12301 13563 
1158 15522 15612 14060 13561 
1159 15522 14021 14274 15199 
1160 15522 15523 15576 14886 
1161 10195 15523 12359 15630 
1162 15583 15585 15523 15582 
1163 15526 15523 14375 14880 
1164 14238 15533 15532 15125 
1165 14357 14037 15142 15113 
1166 15628 15608 15609 15578 
1167 10533 10532 15524 10316 
1168 14977 15425 15526 15514 
1169 13322 14614 15526 15533 
1170 15526 10311 10396 12301 
1171 15573 10311 14587 15612 
1172 15235 14587 13107 14884 
1173 15573 15526 13484 15436 
1174 15633 15526 14870 15569 
1175 13563 13561 14740 15111 
1176 14743 12524 15526 14021 
1177 14021 10686 10232 14377 
1178 14743 10531 15526 15536 
1179 15526 15575 15576 15611 
1180 14188 14439 15566 15122 
1181 10532 14612 14578 15128 
1182 10533 14238 13437 15137 
1183 15598 14357 15578 15168 
1184 14355 15586 15592 15589 
1185 15631 14615 15572 14779 
1186 14355 14603 15511 15557 
1187 14355 15262 14262 15006 
1188 14355 15596 14206 13299 
1189 14993 15572 10311 14584 
1190 14982 15625 14614 15622 
1191 15534 15587 14207 15595 
1192 14356 15296 12301 13297 
1193 14432 14679 14677 15512 
1194 14355 15584 15621 15582 
1195 13322 12822 14605 15574 
1196 15597 14238 14262 13297 
1197 15583 14703 13277 15579 
1198 15632 14706 15122 15569 
1199 10531 14188 14274 15113 
1200 10772 15154 10232 15110 
1201 13424 15564 15563 15268 
1202 14355 10195 15265 15128 
1203 15427 14021 15564 13299 
1204 14355 10772 14021 15138 
1205 10197 15268 15265 15269 
1206 14357 15588 15586 14081 
1207 15632 15602 10396 12301 
1208 14356 15304 15040 15636 
1209 14982 15588 15585 15575 
1210 15625 14357 15387 14557 
1211 14605 14238 15565 15561 
1212 14356 14865 15536 15284 
1213 14356 15585 12642 15629 
1214 15587 14238 15561 13299 
1215 14365 10202 15624 14081 
1216 10202 14203 15016 14603 
1217 15632 14188 15567 15532 
1218 15584 15427 15570 15566 
1219 14356 10257 10686 15192 
1220 15566 15582 15576 10316 
1221 15598 10195 14576 12359 
1222 15512 15565 14578 13548 
1223 14365 12642 15601 15040 
1224 10373 14677 15551 15559 
1225 10477 10478 12871 15122 
1226 14743 14356 12524 15580 
1227 14365 15600 10396 14081 
1228 14021 15292 15198 15199 
1229 14356 12642 10594 13955 
1230 10290 14977 15385 15135 
1231 15192 15564 15565 10585 
1232 10532 10195 15623 15138 
1233 15567 15565 10595 15144 
1234 14356 14188 15623 13955 
1235 14356 15632 15623 15137 
1236 15598 14365 10197 13483 
1237 10532 10531 15194 15113 
1238 10195 15566 14170 15133 
1239 15214 14357 10197 15193 
1240 14356 14612 14189 15567 
1241 14357 10232 15127 15142 
1242 15040 12495 14578 13297 
1243 14356 14709 15563 15137 
1244 14357 14880 15613 14603 
1245 14357 14207 15595 15304 
1246 15597 14357 14021 15566 
1247 14982 14679 14357 13075 
1248 15191 10479 12050 15115 
1249 14759 14155 14377 14379 
1250 14982 15214 14081 15168 
1251 14679 14188 12054 10483 
1252 14982 15563 10312 10313 
1253 14982 10195 14375 14377 
1254 14982 10804 14677 10589 
1255 14982 15551 15575 14170 
1256 14982 15163 15536 15511 
1257 14982 13277 14578 13548 
1258 10606 10312 10313 15125 
1259 14982 10533 13483 12052 
1260 15597 15587 15561 13299 
1261 15597 15536 15561 13299 
1262 15597 15572 10232 14736 
1263 15597 15601 14205 15595 
1264 15597 13484 15262 10032 
1265 15597 14207 12495 14262 
1266 15597 14605 15517 13340 
1267 15597 14206 14207 15463 
1268 15597 14207 15513 13755 
1269 15597 15016 15470 14204 
1270 15597 15425 15536 15575 
1271 15597 14262 15006 13548 
1272 15597 14037 14274 13075 
1273 15534 15625 14759 14377 
1274 15625 15571 14274 15570 
1275 15154 15537 15166 15560 
1276 14365 15596 15201 10396 
1277 15055 15201 10396 10397 
1278 14439 14590 12301 15533 
1279 14365 15168 15304 15015 
1280 14365 15425 15201 10396 
1281 15602 15201 15601 12301 
1282 14365 15602 12301 15636 
1283 15602 15601 10396 12301 
1284 15587 14703 15575 15579 
1285 15331 15602 15601 15398 
1286 14365 10396 12301 15256 
1287 14021 14022 14439 15533 
1288 15602 10396 12301 10397 
1289 14892 15448 14612 15427 
1290 15633 14022 15596 14206 
1291 15201 10396 10484 12054 
1292 15600 10594 10596 10483 
1293 15598 12822 14365 14605 
1294 15197 15601 15511 14170 
1295 14977 15600 15564 15565 
1296 15154 14374 13997 10595 
1297 10288 10290 15579 15122 
1298 14588 14068 15198 15201 
1299 10690 15322 10588 10589 
1300 10202 15197 15600 13277 
1301 15598 14375 14379 15142 
1302 10195 15193 15147 15146 
1303 10195 10479 12050 15115 
1304 10197 15623 14576 13955 
1305 15534 10290 15142 15126 
1306 14365 10197 13483 12050 
1307 15623 15567 13955 13548 
1308 15512 15570 10480 15115 
1309 15551 15191 12871 15563 
1310 14021 15201 14207 14576 
1311 15297 15198 15601 12301 
1312 15633 10690 10478 15261 
1313 15331 14021 15602 12301 
1314 15331 15201 10396 12301 
1315 15331 15583 15600 15582 
1316 15598 14930 15456 13277 
1317 15600 14392 15569 13345 
1318 10202 14709 12021 12893 
1319 15284 15533 10312 10313 
1320 10533 10195 10531 14642 
1321 15598 13424 14642 15269 
1322 15623 12964 10606 10594 
1323 10772 15634 15265 15144 
1324 15572 14037 14485 15278 
1325 15214 15536 14274 13484 
1326 15214 15628 15629 15608 
1327 15551 13484 13955 15569 
1328 13277 10477 15015 12871 
1329 10373 14679 14436 14677 
1330 15214 14615 14206 14205 
1331 15214 15601 10396 15040 
1332 15214 15387 14375 15256 
1333 10289 15214 14037 10032 
1334 15214 14890 14703 15536 
1335 14021 13996 15532 14603 
1336 12642 14612 15040 10606 
1337 15055 10257 10686 15579 
1338 15214 12642 14979 14709 
1339 15570 15582 15576 15532 
1340 15214 15215 10772 13774 
1341 10772 15265 12361 15110 
1342 10232 10606 15195 15110 
1343 15215 14614 14865 14439 
1344 10289 10290 14845 15554 
1345 10804 15215 15517 13955 
1346 13322 14677 15623 13340 
1347 15566 15564 15565 15142 
1348 13483 10588 10589 15128 
1349 10532 15191 10312 15144 
1350 15631 15632 15192 15278 
1351 15587 15632 14979 10606 
1352 15632 14977 10484 14692 
1353 15633 14022 15198 12301 
1354 15633 15197 15198 15601 
1355 15631 15427 15574 15322 
1356 14037 13075 10589 13774 
1357 10288 14374 13563 13859 
1358 15533 14706 15122 15265 
1359 10289 10290 10202 15564 
1360 15632 10197 14615 13755 
1361 15633 15540 15612 15634 
1362 10195 15608 15609 15166 
1363 10533 10195 14374 15191 
1364 14992 15571 15611 15568 
1365 10195 15623 10589 15569 
1366 15425 15193 10479 15133 
1367 10197 10312 10313 14204 
1368 10194 10195 15194 13483 
1369 10533 10194 10197 15566 
1370 10195 14188 15154 15144 
1371 10195 15193 15623 14170 
1372 10533 10194 10197 13075 
1373 10194 10531 15623 13755 
1374 10197 15566 15532 15569 
1375 10194 13424 13483 15192 
1376 10194 15192 15564 15565 
1377 10194 10197 15623 15145 
1378 10195 13424 15265 13774 
1379 10194 10197 13483 15565 
1380 15573 15574 15166 15278 
1381 10804 15284 15201 15601 
1382 15534 10257 10686 12360 
1383 14238 15623 15262 10032 
1384 15292 14189 15110 15135 
1385 10532 10195 15192 15110 
1386 10197 15122 14170 15470 
1387 10804 12822 15561 13297 
1388 15194 15563 14170 15142 
1389 15623 15570 15470 15128 
1390 15194 15284 15564 15115 
1391 10289 10288 10197 15623 
1392 15573 14439 14590 15278 
1393 14865 14037 10232 14485 
1394 12642 15624 13277 15016 
1395 15631 15573 15569 13548 
1396 15592 12642 10202 15016 
1397 12642 15538 13484 14706 
1398 10202 15552 14759 14204 
1399 10202 15040 10316 15237 
1400 10202 15624 15168 10589 
1401 15624 14081 14706 10585 
1402 15596 15199 10396 14206 
1403 15587 15589 14207 15576 
1404 10202 15292 15532 10579 
1405 10202 10531 15163 15611 
1406 12642 15565 15040 10596 
1407 10202 15197 15016 15564 
1408 15591 15575 15582 14204 
1409 12642 15197 13277 15015 
1410 10202 14977 15199 15601 
1411 10532 10202 14977 14189 
1412 14743 12524 12642 15304 
1413 15194 14706 12909 15196 
1414 15191 13277 13075 10596 
1415 10532 15600 13277 15016 
1416 10202 15191 15166 12021 
1417 15385 14375 15284 14709 
1418 10202 14576 13955 15569 
1419 15583 10202 14081 14203 
1420 10202 15154 14709 15138 
1421 15602 10396 12053 14709 
1422 15621 15579 15118 15137 
1423 15631 14485 15436 14584 
1424 10290 15584 14703 15016 
1425 12642 15601 12054 10483 
1426 12642 15595 15015 13299 
1427 14703 13277 10316 15237 
1428 12642 15055 15194 14203 
1429 14068 14374 10594 15569 
1430 12642 14706 13075 10588 
1431 14706 10589 15569 13548 
1432 14203 15015 14886 14204 
1433 15454 15595 15195 15196 
1434 15624 13996 13277 15122 
1435 13277 14204 15195 15196 
1436 12642 14203 15567 15565 
1437 15573 14207 14578 15122 
1438 15585 12126 15600 14392 
1439 13277 15168 15398 15195 
1440 10532 13277 15192 15565 
1441 15551 13277 14603 15568 
1442 15571 14188 15569 13548 
1443 15163 14188 15575 15578 
1444 15623 13340 12893 15128 
1445 14262 12021 12893 13755 
1446 14677 13483 13340 12893 
1447 15623 14170 15569 13548 
1448 13424 15122 15265 15128 
1449 15154 15567 13483 15144 
1450 14703 10686 14375 15563 
1451 15623 15564 13955 15137 
1452 10531 10232 13297 13755 
1453 14188 15194 13483 15166 
1454 15197 13483 13297 15133 
1455 15571 14709 15138 15113 
1456 12126 15154 13483 15140 
1457 14612 14482 13483 13774 
1458 13483 10479 12050 15118 
1459 15566 15567 13483 14204 
1460 14274 15197 10312 10313 
1461 10533 14374 13483 10596 
1462 15623 15292 15197 13483 
1463 14206 14205 15015 13299 
1464 15631 14432 13484 15436 
1465 15534 14565 14439 15570 
1466 15296 15201 10396 12301 
1467 15454 15585 14587 15398 
1468 15619 15629 15596 15168 
1469 14206 14205 15168 15595 
1470 10484 12054 15558 14736 
1471 10311 15304 15015 15612 
1472 13705 14232 14679 12964 
1473 15199 14203 15168 15398 
1474 15624 15198 15601 14203 
1475 14188 14203 15016 15040 
1476 15198 15201 10396 13484 
1477 15587 15575 15576 15122 
1478 15387 14375 14155 14379 
1479 15631 14992 15572 15278 
1480 15596 14081 14205 15168 
1481 14679 14605 14977 15449 
1482 15596 15624 10396 15398 
1483 15624 15537 14081 13955 
1484 10288 10290 15201 15601 
1485 14375 10690 14203 15304 
1486 15570 15576 14706 13955 
1487 10373 15536 15122 14204 
1488 15040 15559 15256 14204 
1489 14206 14205 15559 15256 
1490 14238 14557 14205 14207 
1491 15586 15580 15578 15016 
1492 15596 14206 14205 14207 
1493 12524 14207 10484 12054 
1494 14482 15596 14207 15398 
1495 14021 15296 15601 10397 
1496 15572 15436 15278 15510 
1497 15454 15596 14189 14207 
1498 15537 14207 15634 14736 
1499 14021 14207 15166 15304 
1500 14188 15540 14207 15040 
1501 15201 12301 14207 15040 
1502 15601 12301 14207 15636 
1503 14482 14207 15595 14706 
1504 14207 15595 14706 15559 
1505 15425 14706 14578 13297 
1506 15154 15532 14709 15118 
1507 15565 15262 13755 15133 
1508 15534 14677 15154 15565 
1509 10532 10686 13755 15128 
1510 15631 15572 14238 15278 
1511 15588 15586 15591 15537 
1512 15534 10232 15016 13297 
1513 14889 14482 14238 15016 
1514 15628 15584 15629 15570 
1515 15578 15015 12054 10483 
1516 15427 14439 14170 10483 
1517 14482 15624 15016 15595 
1518 14677 14189 15166 10316 
1519 14677 15539 15166 14170 
1520 15512 10257 15565 13437 
1521 15591 15584 15585 15580 
1522 14274 15398 14603 15040 
1523 10804 14677 14612 15635 
1524 15292 15322 12909 15142 
1525 15623 14374 15563 15135 
1526 10373 10531 14170 15144 
1527 14743 15425 12496 15569 
1528 10532 15623 15197 15563 
1529 15572 12074 15510 15515 
1530 12074 15540 10232 15514 
1531 14845 14614 14870 14375 
1532 14557 15578 15564 12893 
1533 14432 10804 10232 15558 
1534 10373 14679 14677 10232 
1535 14375 14377 15153 13344 
1536 15571 15385 15569 14926 
1537 15584 15621 14865 15511 
1538 14845 10232 14375 14374 
1539 14037 10232 15199 10313 
1540 10232 14189 13340 15142 
1541 15192 10477 12871 15144 
1542 15551 10232 14576 12021 
1543 10289 10290 10232 15611 
1544 10532 10232 15511 15196 
1545 14576 13548 15195 15196 
1546 15163 14274 15193 15137 
1547 15536 14037 14880 13997 
1548 14037 14022 14439 15532 
1549 14037 15554 15262 15006 
1550 14614 15536 15513 15516 
1551 10804 14679 14037 10596 
1552 15621 15511 15006 14886 
1553 15536 14188 14439 14189 
1554 14993 14865 12126 13075 
1555 14992 15536 10257 10686 
1556 14703 15536 15197 15569 
1557 14274 10257 15201 12301 
1558 10290 10257 14375 14374 
1559 14992 10257 14374 15612 
1560 10686 14870 14374 13996 
1561 14375 10316 14170 13548 
1562 15235 10686 12359 15516 
1563 14612 10686 14870 10596 
1564 14605 15385 10690 13997 
1565 14587 13578 14870 14758 
1566 14374 10690 15153 15322 
1567 12822 14679 14189 13996 
1568 15573 15572 13996 10312 
1569 14557 13996 15284 15191 
1570 15385 13996 15578 15470 
1571 14590 13996 15533 15532 
1572 14759 14870 13563 13561 
1573 14703 14614 12074 15516 
1574 15628 15629 14022 15575 
1575 14189 10484 12054 15122 
1576 15534 14375 14374 14557 
1577 15572 15385 13997 14262 
1578 10533 13997 14578 15125 
1579 14743 13997 15192 15533 
1580 15584 14870 14155 14880 
1581 14979 15055 14377 15580 
1582 15512 14845 14758 14497 
1583 15387 14374 15537 14170 
1584 14373 15532 15569 13548 
1585 15534 14375 14379 15564 
1586 14743 14870 15533 15126 
1587 14565 14377 15284 15613 
1588 15387 14758 14377 15510 
1589 15284 15559 15256 14886 
1590 14377 15278 13859 15513 
1591 14845 14880 14379 15153 
1592 14274 14557 10484 12054 
1593 15427 15572 14557 15436 
1594 13705 14432 15448 10313 
1595 15534 14679 14557 10316 
1596 15534 14557 14170 15127 
1597 15566 15565 14576 10606 
1598 15425 15564 15563 14576 
1599 14605 15572 15539 14584 
1600 15621 14642 15576 15533 
1601 14642 15284 14392 13344 
1602 15154 15292 15551 15568 
1603 15551 14642 15564 15635 
1604 14642 15194 14926 15110 
1605 15456 15578 14779 15516 
1606 14022 15387 15533 14262 
1607 15602 10396 10478 15006 
1608 15554 15561 12495 13755 
1609 14977 14930 14587 15322 
1610 15619 14612 15425 15322 
1611 10312 10313 15142 15133 
1612 15628 15619 14615 15608 
1613 15619 15427 15292 15608 
1614 15628 15427 15292 15608 
1615 15628 15626 15539 15609 
1616 15055 15574 15609 15558 
1617 15628 15629 13955 14886 
1618 15628 15629 15561 10032 
1619 15534 15584 15574 14779 
1620 15631 15534 15573 13437 
1621 15591 15570 10477 15612 
1622 15534 12964 14578 14262 
1623 15574 15580 15262 15261 
1624 10288 13563 13859 15111 
1625 10288 15571 15533 15532 
1626 14021 15154 15195 15110 
1627 10289 10288 15194 10606 
1628 10290 14439 10484 13297 
1629 10290 15425 14578 13297 
1630 10311 14485 15436 14584 
1631 13322 14679 14605 15612 
1632 13424 10772 15268 15269 
1633 10772 13774 13584 13583 
1634 13424 15268 10479 12050 
1635 15621 14262 15436 14584 
1636 14992 15425 15567 15576 
1637 15588 15592 14993 15570 
1638 15631 14993 15612 15436 
1639 15586 15583 14993 15612 
1640 14993 13563 14740 15111 
1641 15566 14576 15611 15569 
1642 15579 14576 15611 13548 
1643 14274 15570 15575 15579 
1644 15154 15269 15140 15142 
1645 15566 15567 15268 15569 
1646 15192 15269 13755 15113 
1647 15573 15427 15278 15513 
1648 14615 12074 10316 15514 
1649 15561 10316 15237 10032 
1650 15573 15571 15576 15579 
1651 15592 15583 14779 14933 
1652 13322 15573 15040 14485 
1653 15198 15532 10594 12052 
1654 14505 14605 14977 15510 
1655 15539 15511 14736 13299 
1656 14605 14662 15517 13755 
1657 15572 15574 14485 15436 
1658 15587 15572 15574 15278 
1659 14612 14930 12126 13755 
1660 15631 15278 13297 15470 
1661 15572 15537 14779 13548 
1662 14614 15055 15513 15514 
1663 13322 14679 15564 10606 
1664 15567 15565 15569 13548 
1665 15586 15582 15579 13955 
1666 15582 10478 15006 13299 
1667 15194 12054 13955 10483 
1668 14979 15570 15575 15564 
1669 12524 14021 15575 14576 
1670 10533 10531 15600 14576 
1671 15575 15580 13075 14170 
1672 14021 10396 12301 10397 
1673 14432 15427 15572 15513 
1674 15512 15572 14485 15516 
1675 15573 15572 14021 15278 
1676 15586 15583 15579 15515 
1677 15576 15122 14485 15636 
1678 15587 15583 15570 14576 
1679 15154 12051 12053 15568 
1680 14576 12021 12893 15470 
1681 14703 14977 15573 15572 
1682 14703 15055 15560 15513 
1683 14703 14977 15573 14274 
1684 15570 15580 15579 14779 
1685 14614 15427 14238 15569 
1686 10532 10531 14262 15133 
1687 15262 15261 15561 10032 
1688 14432 14482 14238 10483 
1689 14979 14930 15532 12054 
1690 15570 15579 15578 15122 
1691 15584 14977 15567 15122 
1692 15197 10484 14692 15558 
1693 10532 13297 12361 15148 
1694 12524 15194 15140 15133 
1695 14743 15006 10032 13755 
1696 10373 14612 14482 15636 
1697 10373 12822 14436 14189 
1698 10373 14605 15559 15256 
1699 15262 15261 15005 10032 
1700 13859 13561 14740 15111 
1701 10373 15584 15576 12496 
1702 10531 15456 10606 15127 
1703 10373 15621 15425 10594 
1704 10373 15567 15565 13297 
1705 15456 15566 15563 15113 
1706 10531 12964 10606 13437 
1707 13322 14189 10594 10595 
1708 15201 12054 10588 10483 
1709 15592 14021 15540 15533 
1710 15626 14189 15256 15557 
1711 14022 14590 15292 15532 
1712 14679 14677 14022 12496 
1713 15448 14703 14612 15559 
1714 13322 14432 15532 12496 
1715 10497 10484 12054 15636 
1716 15591 15575 15576 15627 
1717 15580 15578 13344 13345 
1718 15592 15576 15564 15565 
1719 15588 15589 15566 15636 
1720 15512 15621 15570 15579 
1721 15621 15570 15580 15578 
1722 15586 15591 15575 10588 
1723 15575 13584 13583 15636 
1724 15585 14612 15558 15636 
1725 10533 10532 10595 15513 
1726 13322 14432 10804 14436 
1727 14432 10804 14891 14677 
1728 14232 10804 14679 14677 
1729 14891 14977 15558 14736 
1730 14436 14505 14605 14736 
1731 14979 15558 15513 15514 
1732 14060 13859 15616 14740 
1733 15006 10032 13583 15636 
1734 13340 12021 12893 15256 
1735 13198 14736 15557 15636 
